5700.0
3500.0
1500.0
4800.0
2500.0
5500.0
3600.0
9000.0
7300.0
5900.0
3500.0
3500.0
8950.0
2000.0
18900.0
1000.0
4500.0
10000.0
5950.0
2000.0
4000.0
5500.0
10000.0
1700.0
4000.0
4000.0
3500.0
3500.0
2800.0
2200.0
3700.0
4200.0
17999.0
7000.0
850.0
1100.0
23500.0
1200.0
2000.0
1800.0
500.0
8000.0
4800.0
1500.0
4000.0
2000.0
4100.0
3600.0
10900.0
3495.0
4000.0
7850.0
9500.0
2750.0
1500.0
4300.0
700.0
4600.0
10900.0
2300.0
6980.0
6000.0
10900.0
7850.0
4400.0
4500.0
3500.0
1750.0
7500.0
1000.0
5800.0
3600.0
1200.0
4400.0
4500.0
7800.0
2700.0
4500.0
7100.0
800.0
7500.0
5350.0
2000.0
3500.0
3200.0
1200.0
3500.0
1000.0
2500.0
5000.0
37000.0
3100.0
18970.0
700.0
3700.0
1200.0
13000.0
3700.0
2600.0
2600.0
500.0
8000.0
8500.0
4700.0
2800.0
4500.0
11000.0
15000.0
4800.0
2800.0
3300.0
12000.0
1300.0
6500.0
1700.0
5750.0
5000.0
2000.0
6500.0
14000.0
11200.0
11000.0
2300.0
8000.0
1200.0
10000.0
28500.0
5500.0
13783.0
950.0
2700.0
4995.0
800.0
35500.0
1850.0
2000.0
3600.0
8000.0
3000.0
2000.0
4400.0
2000.0
1400.0
2000.0
9500.0
2700.0
9200.0
3500.0
3500.0
2900.0
5000.0
2995.0
7500.0
6000.0
12400.0
3800.0
1000.0
4500.0
2000.0
300.0
5200.0
4000.0
12500.0
2000.0
2500.0
2000.0
11000.0
4000.0
8990.0
3700.0
3300.0
3500.0
850.0
900.0
7000.0
3200.0
3995.0
2800.0
2200.0
2000.0
1900.0
7500.0
4000.0
7900.0
9500.0
400.0
20500.0
2700.0
12000.0
18500.0
5500.0
3800.0
3800.0
5000.0
2000.0
3400.0
5000.0
3000.0
7800.0
10900.0
3500.0
2200.0
2000.0
3600.0
3000.0
3300.0
5900.0
1500.0
2800.0
7000.0
1500.0
5900.0
5000.0
7500.0
1700.0
3500.0
2500.0
2400.0
3000.0
8900.0
13783.0
2500.0
3200.0
1000.0
4850.0
7500.0
5600.0
5000.0
5000.0
7300.0
9000.0
10500.0
13497.0
2500.0
2500.0
9200.0
4500.0
8000.0
2400.0
4200.0
2000.0
1900.0
5900.0
7500.0
13000.0
4500.0
3100.0
2200.0
9500.0
4000.0
2500.0
18000.0
4400.0
6000.0
4800.0
2800.0
2500.0
8500.0
3500.0
3100.0
3800.0
1500.0
3825.0
5600.0
3200.0
3500.0
2000.0
2500.0
1200.0
1500.0
8500.0
1700.0
2000.0
2300.0
8500.0
4499.0
600.0
2800.0
18000.0
2250.0
3000.0
2700.0
26900.0
24000.0
2300.0
1900.0
5000.0
2800.0
2500.0
4100.0
10000.0
4900.0
8000.0
3000.0
6500.0
2000.0
3450.0
6500.0
2500.0
5300.0
400.0
1800.0
6500.0
2300.0
2400.0
2000.0
4500.0
12400.0
4900.0
4000.0
200.0
2000.0
16000.0
6900.0
2500.0
20500.0
1800.0
2000.0
1200.0
3200.0
4000.0
4600.0
6000.0
2700.0
4800.0
2000.0
14500.0
14500.0
7500.0
5000.0
3000.0
2200.0
400.0
16000.0
4800.0
11200.0
2500.0
2350.0
3500.0
2800.0
9500.0
2000.0
1650.0
6000.0
800.0
9500.0
3750.0
4000.0
8250.0
5350.0
2800.0
3800.0
10500.0
9000.0
6950.0
4000.0
3700.0
4900.0
4500.0
25000.0
3000.0
3700.0
3300.0
4000.0
4500.0
2500.0
7800.0
4000.0
15000.0
6500.0
7400.0
8900.0
4700.0
8000.0
2250.0
14000.0
9500.0
11200.0
2500.0
3400.0
3000.0
2750.0
19900.0
6900.0
10400.0
2500.0
6500.0
3100.0
2800.0
3950.0
15200.0
9500.0
3700.0
2500.0
1900.0
4500.0
3995.0
8000.0
3500.0
9000.0
2000.0
4500.0
2500.0
4200.0
3900.0
4500.0
3000.0
16000.0
1500.0
2500.0
17500.0
3000.0
10300.0
7450.0
500.0
2000.0
5200.0
6500.0
2600.0
11500.0
5000.0
3000.0
12500.0
5995.0
1500.0
2500.0
11200.0
9500.0
300.0
2100.0
16500.0
5000.0
10900.0
700.0
12000.0
2000.0
7500.0
6500.0
9500.0
3800.0
3500.0
8500.0
16000.0
2000.0
4900.0
4000.0
8000.0
2000.0
12000.0
800.0
4500.0
5000.0
4500.0
4500.0
200.0
2000.0
9500.0
4600.0
14000.0
600.0
1400.0
6200.0
19500.0
7500.0
6900.0
2700.0
8495.0
2000.0
5000.0
3450.0
7000.0
1700.0
7900.0
4600.0
14500.0
11995.0
8200.0
19500.0
2500.0
3000.0
2900.0
5500.0
2900.0
6500.0
18000.0
2500.0
3100.0
500.0
18500.0
2800.0
2600.0
2800.0
14500.0
2500.0
1700.0
600.0
3200.0
10000.0
37000.0
10200.0
1700.0
800.0
2700.0
6500.0
2800.0
9500.0
3500.0
5700.0
6800.0
1400.0
8000.0
21000.0
3850.0
2200.0
3000.0
3800.0
3450.0
20200.0
4000.0
6500.0
4500.0
2800.0
2250.0
8000.0
2000.0
7000.0
2000.0
3500.0
35900.0
12000.0
1500.0
20700.0
5000.0
7850.0
6500.0
2500.0
19500.0
10900.0
12000.0
2900.0
2575.0
5999.0
8500.0
2500.0
3600.0
3500.0
4500.0
18900.0
4500.0
15995.0
7800.0
950.0
23500.0
800.0
14500.0
6500.0
2000.0
2700.0
8200.0
5000.0
2100.0
9500.0
3000.0
6500.0
2600.0
500.0
4000.0
2700.0
4000.0
7500.0
3700.0
2000.0
3995.0
2100.0
1000.0
6500.0
1900.0
2500.0
4500.0
1700.0
2500.0
13000.0
4750.0
2700.0
3000.0
2500.0
1500.0
2000.0
8900.0
9250.0
9000.0
10300.0
4000.0
2000.0
10300.0
4995.0
2500.0
2500.0
3500.0
2500.0
3250.0
9500.0
6000.0
1000.0
1750.0
6300.0
5000.0
2100.0
1000.0
8000.0
4800.0
19900.0
4700.0
11200.0
1000.0
4300.0
8500.0
5000.0
3200.0
11000.0
5500.0
14200.0
4500.0
3900.0
3500.0
1800.0
1100.0
2250.0
1200.0
13300.0
2800.0
5700.0
9500.0
5500.0
3500.0
4600.0
10900.0
8500.0
5700.0
14300.0
8000.0
2600.0
12000.0
2200.0
3500.0
3500.0
1700.0
19795.0
4750.0
1000.0
9000.0
5999.0
2500.0
4500.0
4300.0
3250.0
3100.0
2500.0
7500.0
7000.0
2495.0
6500.0
5200.0
7200.0
3500.0
18900.0
5200.0
7000.0
4500.0
200.0
1100.0
3450.0
11000.0
4500.0
13000.0
2000.0
3500.0
3000.0
3600.0
5500.0
3800.0
6100.0
7800.0
6000.0
1400.0
1500.0
2500.0
1500.0
8500.0
10000.0
2700.0
2500.0
3600.0
6800.0
5200.0
5900.0
5900.0
7400.0
11200.0
500.0
12500.0
18995.0
5400.0
2200.0
8900.0
2000.0
4500.0
300.0
2300.0
8300.0
8000.0
3300.0
5995.0
5995.0
19500.0
5500.0
11000.0
10900.0
4200.0
4500.0
4500.0
5000.0
8900.0
5500.0
14500.0
13000.0
3800.0
2000.0
3000.0
300.0
5500.0
4200.0
10300.0
2300.0
14000.0
4000.0
19980.0
9100.0
1000.0
2300.0
2999.0
2500.0
10200.0
8000.0
1650.0
13000.0
2600.0
4000.0
11000.0
2200.0
4000.0
4800.0
10000.0
5500.0
4000.0
8000.0
5500.0
12000.0
5900.0
13783.0
2300.0
4000.0
2500.0
3500.0
9500.0
7500.0
2000.0
5600.0
7500.0
500.0
6500.0
2500.0
6000.0
4100.0
10250.0
4500.0
2000.0
1000.0
23000.0
2800.0
13000.0
2000.0
4500.0
2000.0
1300.0
1200.0
5000.0
900.0
9500.0
4400.0
17500.0
3700.0
3200.0
3500.0
4000.0
8000.0
6500.0
1750.0
5500.0
8500.0
9500.0
3000.0
3800.0
8900.0
4300.0
3300.0
6700.0
2000.0
1300.0
9000.0
4200.0
4400.0
5900.0
3700.0
8600.0
2500.0
2000.0
1100.0
5150.0
7850.0
2500.0
1200.0
1500.0
2500.0
3200.0
1200.0
3400.0
525.0
9500.0
3500.0
6500.0
10500.0
4900.0
1900.0
3000.0
2300.0
5500.0
500.0
2975.0
3800.0
2000.0
11500.0
4500.0
4000.0
2500.0
13497.0
5350.0
5700.0
2000.0
17999.0
4200.0
5500.0
4000.0
2700.0
400.0
750.0
5350.0
4500.0
7500.0
9500.0
10500.0
3500.0
35500.0
7000.0
3000.0
5950.0
4000.0
13500.0
11500.0
19500.0
900.0
3500.0
3500.0
1200.0
7500.0
2500.0
2000.0
2000.0
2800.0
1700.0
2500.0
3000.0
5500.0
5500.0
4900.0
6800.0
3200.0
500.0
750.0
8000.0
2200.0
2400.0
3500.0
2500.0
10900.0
6995.0
2000.0
4300.0
3500.0
5150.0
2500.0
6800.0
5900.0
9500.0
6000.0
1400.0
19900.0
5000.0
8500.0
4000.0
500.0
4200.0
3250.0
10900.0
1000.0
1200.0
4500.0
2500.0
11995.0
16000.0
3000.0
3300.0
2500.0
3200.0
3750.0
18000.0
10000.0
9000.0
4500.0
3825.0
6200.0
4200.0
14000.0
800.0
2000.0
2995.0
7500.0
4500.0
7499.0
5200.0
16500.0
3200.0
4200.0
6500.0
2800.0
4200.0
3600.0
2000.0
3200.0
9000.0
6500.0
6500.0
13000.0
4000.0
4500.0
28500.0
10500.0
1500.0
7500.0
1650.0
10900.0
20500.0
5000.0
7800.0
2800.0
1500.0
1200.0
6500.0
7500.0
4500.0
5500.0
3000.0
16500.0
1100.0
17000.0
23500.0
7800.0
11000.0
2000.0
3700.0
2000.0
1500.0
550.0
3800.0
5900.0
4200.0
12000.0
900.0
5500.0
9000.0
4500.0
2500.0
7500.0
10500.0
5000.0
5500.0
4500.0
600.0
30000.0
3900.0
