53674.0
30241.0
33230.0
54384.0
61687.0
39435.0
30486.0
19297.0
71939.0
26485.0
27457.0
41056.0
17130.0
85018.0
89756.0
94450.0
40270.0
50606.0
23631.0
25914.0
199.0
79087.0
67821.0
90516.0
85592.0
34242.0
8481.0
34976.0
65134.0
7560.0
79026.0
97649.0
75601.0
14256.0
31155.0
30720.0
47381.0
96949.0
10710.0
65899.0
25931.0
45465.0
41895.0
87996.0
46406.0
70620.0
28673.0
53838.0
83199.0
4377.0
14863.0
9722.0
40225.0
74070.0
29098.0
9903.0
12403.0
84950.0
43199.0
47291.0
72428.0
24864.0
35571.0
63551.0
94407.0
22795.0
84940.0
71771.0
15277.0
8536.0
64759.0
2696.0
6354.0
7661.0
83390.0
77284.0
79.0
6815.0
50986.0
81787.0
91617.0
93862.0
18555.0
15017.0
49991.0
57434.0
77263.0
61223.0
11642.0
42713.0
2562.0
28008.0
98473.0
40430.0
70836.0
9668.0
3423.0
48942.0
9245.0
87960.0
76965.0
18309.0
73035.0
6544.0
55027.0
79030.0
50200.0
32874.0
65137.0
48493.0
81209.0
93572.0
27006.0
78745.0
58974.0
88977.0
5595.0
59826.0
70302.0
12742.0
14178.0
44435.0
39997.0
15612.0
20949.0
7685.0
54360.0
3372.0
38328.0
87380.0
23661.0
84890.0
62589.0
68725.0
47341.0
2300.0
58199.0
47735.0
77739.0
67716.0
2661.0
50196.0
10694.0
21364.0
36519.0
61071.0
95866.0
56588.0
72761.0
72897.0
98812.0
57139.0
29608.0
94931.0
96306.0
50307.0
86796.0
93936.0
53674.0
38767.0
54625.0
45167.0
3821.0
47117.0
3035.0
58115.0
14628.0
32176.0
18870.0
69474.0
88688.0
85379.0
41517.0
48212.0
85219.0
78745.0
54894.0
46416.0
39260.0
39634.0
55734.0
97011.0
72346.0
47034.0
1282.0
85619.0
65851.0
701.0
47854.0
816.0
12555.0
31671.0
74737.0
77197.0
5416.0
2890.0
43348.0
75142.0
71878.0
11380.0
3850.0
46502.0
32207.0
79126.0
90402.0
67876.0
7249.0
44987.0
36094.0
97553.0
10615.0
86595.0
49991.0
97113.0
82994.0
23922.0
80885.0
52682.0
18243.0
87934.0
6239.0
66286.0
91091.0
15432.0
19608.0
26298.0
84767.0
16929.0
5051.0
91601.0
40996.0
81509.0
12128.0
23609.0
70242.0
18623.0
16683.0
75598.0
91695.0
69043.0
54004.0
39444.0
9952.0
79765.0
83483.0
49593.0
2750.0
32309.0
64318.0
3845.0
58511.0
21942.0
89601.0
41057.0
87062.0
67810.0
35609.0
79320.0
53494.0
37594.0
60970.0
16760.0
5047.0
30117.0
42914.0
24930.0
58303.0
74576.0
8256.0
36930.0
11347.0
39634.0
78537.0
47147.0
62186.0
95389.0
69722.0
49755.0
85779.0
10546.0
55031.0
9288.0
79958.0
34515.0
30089.0
26372.0
73192.0
92467.0
41631.0
60645.0
46861.0
48620.0
75671.0
75308.0
40005.0
65327.0
8581.0
55054.0
74049.0
87920.0
27944.0
52387.0
89986.0
77666.0
79126.0
26910.0
7347.0
25098.0
58387.0
67876.0
26463.0
90209.0
43068.0
45776.0
2711.0
33800.0
40927.0
57112.0
98870.0
44207.0
91001.0
88709.0
96747.0
541.0
97543.0
84828.0
6268.0
57577.0
50471.0
53541.0
43713.0
90464.0
34823.0
37866.0
47939.0
16548.0
56286.0
40192.0
51108.0
8184.0
75211.0
70354.0
54137.0
65973.0
29990.0
98784.0
7603.0
20687.0
91563.0
70516.0
93497.0
52541.0
15017.0
92059.0
98503.0
62232.0
274.0
26991.0
94191.0
72216.0
39435.0
22402.0
98805.0
23454.0
4738.0
79557.0
32583.0
71564.0
74576.0
5409.0
41089.0
70831.0
73574.0
37697.0
15605.0
72310.0
73200.0
39634.0
5345.0
42488.0
58479.0
81914.0
95390.0
95966.0
41352.0
52870.0
94609.0
91699.0
64157.0
42235.0
57877.0
8908.0
62731.0
31874.0
1579.0
64850.0
21058.0
17774.0
68528.0
12938.0
75439.0
95838.0
12219.0
23408.0
28415.0
98792.0
51477.0
51313.0
24948.0
849.0
28119.0
19867.0
86240.0
66409.0
53922.0
74380.0
70711.0
21125.0
60540.0
49992.0
30495.0
55636.0
61849.0
71760.0
92926.0
4883.0
49435.0
13888.0
53978.0
22524.0
30493.0
19300.0
62651.0
7923.0
42068.0
78911.0
68957.0
16612.0
45167.0
20977.0
43102.0
6177.0
26032.0
13660.0
36943.0
72701.0
30850.0
73106.0
35417.0
26065.0
84338.0
48107.0
25416.0
6352.0
26046.0
69463.0
42078.0
37997.0
68576.0
7729.0
73579.0
6918.0
48447.0
79806.0
73593.0
46929.0
9110.0
12482.0
64318.0
88917.0
2436.0
60262.0
2132.0
34111.0
2226.0
84121.0
32909.0
3625.0
30285.0
4919.0
89415.0
80344.0
99008.0
19444.0
29670.0
9210.0
49274.0
10691.0
63600.0
9272.0
37966.0
9952.0
22309.0
47108.0
83599.0
42024.0
72046.0
56254.0
12137.0
21848.0
47536.0
59791.0
27039.0
47559.0
63552.0
38193.0
18796.0
30770.0
74602.0
95389.0
18995.0
37697.0
25004.0
13855.0
56701.0
90505.0
28732.0
58941.0
85316.0
59473.0
86166.0
42168.0
2294.0
28988.0
64463.0
21125.0
61812.0
46853.0
25000.0
21499.0
29278.0
60005.0
62994.0
75904.0
49126.0
74806.0
46404.0
26535.0
33346.0
33548.0
71497.0
3510.0
53449.0
15609.0
85985.0
70313.0
51290.0
3503.0
95041.0
69618.0
47767.0
63630.0
31300.0
51618.0
92316.0
33069.0
99482.0
67798.0
18208.0
88271.0
98764.0
47175.0
33248.0
32795.0
83310.0
62270.0
52735.0
99639.0
8219.0
34876.0
53185.0
97473.0
15605.0
57258.0
90257.0
33048.0
51680.0
60490.0
79087.0
98829.0
2621.0
5493.0
51625.0
59961.0
39605.0
64044.0
10743.0
56720.0
55956.0
26809.0
96699.0
66190.0
258.0
69402.0
75421.0
54594.0
98473.0
78183.0
90296.0
17023.0
71195.0
71651.0
14482.0
95068.0
10958.0
2374.0
14177.0
98241.0
88776.0
7199.0
78351.0
47671.0
25119.0
60792.0
5519.0
14104.0
25623.0
91873.0
78249.0
12986.0
11920.0
47883.0
61164.0
59435.0
96278.0
74412.0
86170.0
90379.0
92777.0
64200.0
23943.0
64175.0
71878.0
75546.0
68380.0
60361.0
67716.0
20056.0
55776.0
3496.0
79747.0
66342.0
38723.0
16843.0
77205.0
2654.0
69265.0
976.0
83201.0
34865.0
53541.0
17065.0
41388.0
92271.0
22632.0
7424.0
12748.0
93312.0
61021.0
80007.0
71615.0
44979.0
68378.0
66920.0
48979.0
27842.0
30746.0
55123.0
78941.0
30241.0
36927.0
41644.0
76111.0
67538.0
81509.0
68553.0
7601.0
84954.0
83068.0
90209.0
28925.0
44548.0
85411.0
33182.0
50781.0
4833.0
44918.0
18466.0
4875.0
85269.0
36355.0
99536.0
91948.0
97296.0
41819.0
10706.0
26143.0
2079.0
60621.0
65137.0
32461.0
35122.0
33055.0
35006.0
32609.0
68110.0
78271.0
84863.0
84550.0
6382.0
37115.0
80529.0
533.0
86658.0
31686.0
70464.0
10605.0
59095.0
23141.0
98394.0
60921.0
4893.0
93961.0
9358.0
67880.0
74465.0
55643.0
82813.0
816.0
85889.0
78353.0
2401.0
22410.0
22500.0
72485.0
24629.0
50402.0
78202.0
14263.0
20687.0
70627.0
41.0
44909.0
66339.0
7598.0
38975.0
17014.0
25136.0
2140.0
48142.0
26147.0
87834.0
11023.0
96539.0
2226.0
88566.0
6604.0
93373.0
29463.0
62630.0
13949.0
19334.0
14566.0
54481.0
73447.0
92040.0
92285.0
75821.0
14924.0
77931.0
58884.0
99907.0
13040.0
32324.0
75136.0
15015.0
76190.0
20411.0
19187.0
32699.0
83360.0
73737.0
28881.0
51747.0
76269.0
34810.0
33280.0
2569.0
9885.0
24785.0
66329.0
4009.0
53066.0
30965.0
68003.0
46636.0
60540.0
89851.0
43932.0
31493.0
41377.0
61044.0
62822.0
54831.0
22250.0
1881.0
25741.0
99456.0
77464.0
9149.0
88566.0
63200.0
20797.0
5614.0
93349.0
69582.0
65654.0
72046.0
75534.0
28671.0
1332.0
38892.0
78201.0
48496.0
34480.0
22156.0
95625.0
12028.0
16843.0
74012.0
43115.0
41621.0
57200.0
55666.0
36597.0
25914.0
55388.0
88504.0
47066.0
70144.0
62809.0
73002.0
38276.0
82564.0
6304.0
52612.0
61583.0
10491.0
8645.0
99338.0
30250.0
51814.0
55261.0
57381.0
84803.0
65436.0
75440.0
53003.0
5024.0
49219.0
38069.0
45540.0
56554.0
12557.0
83104.0
64498.0
7846.0
7314.0
6793.0
8540.0
15001.0
24747.0
3116.0
91929.0
79030.0
68025.0
6966.0
24850.0
69823.0
62879.0
86261.0
76760.0
8679.0
4322.0
36633.0
20308.0
30279.0
21796.0
16301.0
94486.0
72209.0
89415.0
43890.0
12514.0
50844.0
75429.0
27757.0
7958.0
61522.0
90647.0
1561.0
98812.0
32118.0
56666.0
32723.0
80456.0
67015.0
67397.0
67963.0
93384.0
18977.0
9175.0
55531.0
76687.0
75136.0
39483.0
93406.0
87908.0
34166.0
69503.0
26825.0
60921.0
20662.0
18870.0
54411.0
15197.0
28724.0
73296.0
58081.0
60438.0
66125.0
17275.0
27702.0
28115.0
97022.0
5409.0
18392.0
10925.0
19542.0
87908.0
44978.0
33470.0
7296.0
98534.0
26577.0
28119.0
19219.0
52626.0
5302.0
24123.0
22693.0
84758.0
71367.0
88271.0
65837.0
19350.0
86100.0
59999.0
24971.0
54384.0
85022.0
66260.0
67805.0
68306.0
24618.0
51839.0
5190.0
61463.0
47536.0
74648.0
20614.0
37896.0
53066.0
45393.0
16543.0
29600.0
40058.0
68327.0
91002.0
60236.0
11923.0
9034.0
57679.0
17842.0
33929.0
56286.0
55925.0
60345.0
10186.0
34537.0
69691.0
32760.0
8540.0
608.0
31902.0
2502.0
88776.0
5781.0
15284.0
42168.0
41671.0
50551.0
3286.0
48898.0
61636.0
79695.0
9384.0
34691.0
33570.0
71234.0
54574.0
53885.0
12440.0
86283.0
13628.0
74407.0
35585.0
89703.0
19553.0
82423.0
28673.0
35784.0
83273.0
48526.0
46459.0
79053.0
24719.0
46288.0
87756.0
22011.0
34247.0
37597.0
6848.0
75239.0
9277.0
96609.0
64846.0
15432.0
73807.0
11063.0
39220.0
60792.0
56966.0
42302.0
29327.0
28329.0
98830.0
80009.0
30370.0
64790.0
16415.0
75701.0
15001.0
46720.0
23695.0
53670.0
145.0
4741.0
68275.0
35058.0
99124.0
28803.0
12434.0
95946.0
86481.0
37250.0
95063.0
95068.0
75142.0
30772.0
87160.0
94761.0
89273.0
63100.0
27870.0
43419.0
61847.0
19177.0
79082.0
40762.0
12196.0
46677.0
32738.0
21898.0
36249.0
84820.0
51405.0
5288.0
5669.0
54481.0
36426.0
99522.0
59691.0
9504.0
43766.0
21083.0
48178.0
54053.0
33350.0
97200.0
85952.0
5385.0
44604.0
23964.0
71267.0
33650.0
610.0
16538.0
26208.0
17101.0
58466.0
95759.0
6828.0
25011.0
51697.0
10030.0
22068.0
29836.0
70874.0
70018.0
26046.0
38030.0
66317.0
15440.0
18005.0
60540.0
59986.0
83259.0
69775.0
3487.0
7223.0
65212.0
44962.0
67634.0
72514.0
55502.0
45175.0
20504.0
31705.0
69140.0
57378.0
68821.0
42624.0
84638.0
34941.0
93490.0
84151.0
25615.0
20053.0
33731.0
99654.0
46716.0
57676.0
76281.0
41590.0
90772.0
85311.0
38071.0
37747.0
25203.0
49435.0
6484.0
8212.0
75299.0
66791.0
40911.0
65989.0
60056.0
2140.0
64535.0
51851.0
4795.0
79124.0
38387.0
1637.0
65131.0
72424.0
18370.0
86062.0
27638.0
31297.0
61658.0
5275.0
80933.0
43827.0
76404.0
16677.0
49274.0
15277.0
14081.0
45891.0
43538.0
68596.0
2646.0
24867.0
47787.0
13891.0
29371.0
91953.0
22271.0
18243.0
30493.0
89725.0
31607.0
71127.0
38748.0
77344.0
71983.0
34103.0
5733.0
9277.0
80456.0
85975.0
37563.0
81968.0
33800.0
28988.0
52169.0
35033.0
25668.0
46499.0
52682.0
36767.0
82176.0
19177.0
22191.0
90909.0
23160.0
84638.0
8454.0
8711.0
54409.0
16536.0
65261.0
19561.0
77804.0
21987.0
3850.0
83367.0
32112.0
3524.0
50241.0
39260.0
29323.0
80877.0
94372.0
1623.0
98387.0
60490.0
22182.0
58154.0
33029.0
68785.0
6477.0
79549.0
32149.0
47303.0
89992.0
60252.0
37531.0
12701.0
59892.0
61770.0
10579.0
27625.0
98325.0
6993.0
52617.0
3618.0
78112.0
98765.0
59771.0
61996.0
39413.0
5033.0
40020.0
47121.0
10103.0
48979.0
83201.0
13096.0
71465.0
26264.0
14497.0
20737.0
94128.0
54150.0
94634.0
41011.0
92298.0
25978.0
84614.0
15052.0
5409.0
79872.0
39078.0
33901.0
82040.0
88636.0
18438.0
43856.0
53185.0
63488.0
14721.0
17759.0
96937.0
97621.0
19673.0
42847.0
92821.0
67015.0
97032.0
68785.0
46685.0
48742.0
94016.0
91220.0
57537.0
68374.0
43115.0
67841.0
78007.0
91359.0
89013.0
38927.0
78080.0
63640.0
48110.0
2696.0
88692.0
86626.0
38119.0
77087.0
38254.0
74012.0
31701.0
73417.0
65415.0
50471.0
98286.0
50551.0
94935.0
27196.0
18566.0
82634.0
31808.0
7918.0
19234.0
23848.0
7469.0
57134.0
28036.0
72732.0
10500.0
24389.0
64045.0
53362.0
88571.0
99182.0
59255.0
81851.0
35916.0
66677.0
10762.0
37146.0
14803.0
51842.0
52287.0
83599.0
70073.0
69042.0
94134.0
37613.0
98498.0
23265.0
10491.0
28610.0
44547.0
2791.0
59799.0
74430.0
53944.0
88917.0
14428.0
64803.0
66920.0
84888.0
45257.0
77163.0
68335.0
9149.0
2819.0
22210.0
40298.0
24143.0
26362.0
52557.0
19610.0
44124.0
7105.0
22965.0
12572.0
81436.0
74886.0
66012.0
50575.0
33029.0
38748.0
11345.0
25165.0
36502.0
17777.0
83880.0
94138.0
10691.0
11649.0
96693.0
9180.0
73087.0
35812.0
88688.0
52196.0
97543.0
16152.0
8688.0
60916.0
86213.0
68717.0
21284.0
48489.0
7291.0
85166.0
14752.0
48209.0
6544.0
37613.0
19219.0
6694.0
37115.0
77647.0
1332.0
13205.0
37684.0
87443.0
74645.0
84053.0
82306.0
96090.0
78559.0
18286.0
4675.0
44754.0
62879.0
63354.0
5699.0
12714.0
25452.0
71324.0
38833.0
19867.0
39653.0
12820.0
40457.0
55062.0
51814.0
22527.0
30157.0
62138.0
51065.0
44978.0
70489.0
4607.0
40577.0
82309.0
96604.0
54594.0
19087.0
5734.0
85219.0
14787.0
41454.0
58316.0
1845.0
84543.0
5806.0
45002.0
27003.0
84731.0
25061.0
81214.0
51429.0
69823.0
13236.0
43086.0
15853.0
87906.0
73343.0
22681.0
18870.0
57063.0
9878.0
88468.0
27307.0
11506.0
97969.0
34810.0
29972.0
70085.0
76255.0
26759.0
96427.0
56254.0
85932.0
33393.0
42447.0
1845.0
89230.0
64421.0
92761.0
76214.0
17447.0
70056.0
54481.0
6047.0
74146.0
55398.0
17404.0
1993.0
76179.0
80569.0
97938.0
98325.0
67704.0
21635.0
1727.0
59962.0
92040.0
78604.0
85007.0
52662.0
45088.0
57031.0
92892.0
70919.0
54831.0
86493.0
83568.0
80759.0
2011.0
39634.0
2300.0
98929.0
17023.0
47606.0
82749.0
50705.0
91406.0
64294.0
35694.0
83284.0
74805.0
69348.0
88853.0
63566.0
28303.0
12096.0
63763.0
45048.0
25667.0
14295.0
33860.0
18815.0
50478.0
73684.0
1579.0
29698.0
42464.0
33045.0
31196.0
73400.0
6310.0
43766.0
56891.0
2646.0
72388.0
96141.0
38308.0
36293.0
88164.0
94670.0
86780.0
17559.0
1069.0
5781.0
91476.0
26677.0
26810.0
97507.0
68681.0
94609.0
52248.0
24916.0
11381.0
71077.0
25119.0
2057.0
71802.0
88279.0
47330.0
94670.0
31646.0
27196.0
81509.0
533.0
31092.0
87741.0
42134.0
31343.0
52713.0
10235.0
6309.0
46017.0
57104.0
98765.0
29268.0
53125.0
86062.0
75904.0
48887.0
59266.0
97502.0
51818.0
51851.0
70881.0
17323.0
42887.0
13793.0
46530.0
45735.0
7354.0
97989.0
54594.0
8223.0
51297.0
82469.0
48685.0
66518.0
82219.0
41815.0
84950.0
20679.0
90251.0
84149.0
12513.0
52792.0
9358.0
87186.0
19490.0
73579.0
71719.0
2729.0
67039.0
72485.0
65926.0
3568.0
49698.0
79312.0
53734.0
93807.0
48902.0
82938.0
65206.0
12779.0
87577.0
37895.0
91205.0
88938.0
61631.0
1710.0
29278.0
39768.0
27019.0
13547.0
42005.0
70417.0
245.0
89662.0
82818.0
8581.0
55926.0
94948.0
88803.0
25932.0
35477.0
64486.0
81209.0
76513.0
75211.0
54768.0
36357.0
25884.0
66342.0
25412.0
16612.0
25853.0
57122.0
59397.0
81590.0
69462.0
30042.0
8721.0
4337.0
5067.0
63724.0
83779.0
54716.0
51747.0
91307.0
47927.0
90824.0
68597.0
32207.0
34081.0
81568.0
34581.0
92658.0
58735.0
42838.0
34494.0
75648.0
4806.0
15079.0
91639.0
41568.0
38468.0
87156.0
59311.0
9743.0
50246.0
14752.0
36927.0
22559.0
50318.0
19303.0
33570.0
4228.0
65209.0
44594.0
74544.0
21225.0
34876.0
75400.0
20708.0
87818.0
56085.0
28899.0
83626.0
422.0
75110.0
776.0
69098.0
3298.0
30266.0
90379.0
80047.0
58240.0
54438.0
12617.0
8729.0
69162.0
2140.0
99784.0
68553.0
61328.0
30399.0
60281.0
52136.0
39209.0
34071.0
35128.0
71061.0
27281.0
25741.0
25881.0
85142.0
18101.0
30149.0
60860.0
42488.0
87084.0
58531.0
54861.0
97387.0
97358.0
31277.0
6783.0
30926.0
23866.0
45253.0
57748.0
43800.0
3850.0
48862.0
92040.0
62962.0
48283.0
51667.0
21741.0
75534.0
97835.0
7424.0
81731.0
19869.0
66286.0
31255.0
41916.0
34982.0
58640.0
87960.0
74081.0
81082.0
53464.0
20015.0
91205.0
67617.0
41.0
54481.0
85696.0
80372.0
92706.0
46260.0
42847.0
69609.0
39413.0
82183.0
75142.0
53449.0
85495.0
75439.0
49755.0
45574.0
20708.0
66351.0
86919.0
41958.0
53437.0
94948.0
99473.0
97938.0
55756.0
91839.0
9668.0
72514.0
58702.0
97132.0
81090.0
63878.0
58129.0
58941.0
87175.0
65334.0
9027.0
93489.0
84526.0
94990.0
71614.0
78009.0
36378.0
36151.0
50918.0
32634.0
62847.0
28671.0
14348.0
46017.0
61786.0
82840.0
5385.0
4885.0
96427.0
6193.0
37225.0
14477.0
1651.0
79799.0
44987.0
16686.0
62186.0
20802.0
24547.0
72701.0
5595.0
55059.0
35189.0
41939.0
20687.0
56384.0
54868.0
35371.0
66188.0
44710.0
51918.0
39559.0
14264.0
13189.0
57496.0
42049.0
47538.0
20377.0
59197.0
43332.0
68768.0
30248.0
48618.0
50523.0
48489.0
54008.0
49518.0
61064.0
69908.0
11734.0
36633.0
26010.0
31869.0
9471.0
49969.0
75626.0
38276.0
13888.0
92892.0
66906.0
52791.0
6100.0
40513.0
87078.0
34792.0
97277.0
88491.0
96919.0
36341.0
58081.0
89893.0
98068.0
25978.0
49484.0
9525.0
6012.0
49760.0
22764.0
98129.0
22772.0
40973.0
70258.0
33047.0
40100.0
37113.0
7672.0
15839.0
1965.0
84322.0
98157.0
12557.0
82089.0
66188.0
98775.0
47401.0
85495.0
94424.0
84259.0
55388.0
24704.0
17946.0
331.0
57552.0
22657.0
29375.0
3980.0
96414.0
45465.0
74041.0
11440.0
68011.0
1445.0
95793.0
91035.0
6252.0
48221.0
34854.0
56875.0
79937.0
44824.0
22223.0
68736.0
35019.0
90485.0
18977.0
89554.0
5925.0
29596.0
90354.0
58061.0
40168.0
62687.0
66531.0
69156.0
9245.0
87175.0
81021.0
49465.0
27308.0
49068.0
43324.0
1391.0
75958.0
14464.0
96596.0
75236.0
25415.0
90251.0
43887.0
51662.0
49126.0
8286.0
32748.0
99479.0
87087.0
6606.0
75231.0
29463.0
51427.0
92328.0
57676.0
11639.0
14105.0
4885.0
9975.0
56151.0
9366.0
99738.0
55388.0
41746.0
80565.0
27943.0
11862.0
29871.0
47751.0
37699.0
7615.0
16314.0
40058.0
21796.0
40100.0
99750.0
14463.0
5597.0
70642.0
92865.0
46874.0
1116.0
41815.0
75615.0
95257.0
65381.0
18274.0
31797.0
67532.0
88190.0
43222.0
5704.0
90485.0
16305.0
91639.0
46430.0
62913.0
83068.0
43277.0
74648.0
66611.0
28724.0
77726.0
68322.0
17875.0
7705.0
9468.0
55196.0
83226.0
5146.0
42761.0
36898.0
13776.0
31725.0
55522.0
43882.0
45766.0
64555.0
96937.0
68604.0
23594.0
2890.0
96895.0
66485.0
98380.0
32151.0
48888.0
5395.0
31300.0
29517.0
20053.0
46845.0
58143.0
15220.0
91359.0
26988.0
84954.0
27200.0
2300.0
73060.0
71114.0
26798.0
37258.0
55702.0
10546.0
26485.0
4062.0
59588.0
4935.0
73373.0
32434.0
29596.0
68082.0
23219.0
15540.0
17965.0
65888.0
26485.0
56092.0
35558.0
48942.0
17749.0
84149.0
34048.0
61546.0
39997.0
86392.0
52874.0
24878.0
76317.0
62994.0
56765.0
75953.0
96476.0
7601.0
30927.0
92922.0
46977.0
33422.0
14101.0
2268.0
24852.0
9663.0
76719.0
71067.0
63220.0
13787.0
61736.0
40704.0
84081.0
41097.0
17581.0
985.0
40719.0
32212.0
86240.0
91670.0
93394.0
18495.0
10500.0
63351.0
52044.0
82073.0
73060.0
9384.0
2394.0
91184.0
71731.0
90998.0
47541.0
61064.0
48288.0
78560.0
4927.0
86885.0
34792.0
75730.0
50299.0
94387.0
12950.0
4205.0
35812.0
69684.0
50161.0
56720.0
52435.0
72824.0
32602.0
73198.0
63667.0
11536.0
58884.0
88340.0
96427.0
17349.0
29940.0
42866.0
4671.0
91563.0
70032.0
6799.0
43951.0
48178.0
51162.0
54691.0
25049.0
19978.0
56563.0
91606.0
78668.0
27360.0
87470.0
17387.0
43890.0
40105.0
35846.0
30746.0
70942.0
6047.0
58143.0
4073.0
13648.0
69851.0
98387.0
71719.0
6854.0
77640.0
35165.0
6304.0
89645.0
6180.0
61809.0
93219.0
63673.0
70857.0
59702.0
68177.0
31335.0
98262.0
78957.0
90078.0
78482.0
11786.0
1906.0
39078.0
85899.0
49040.0
72424.0
19240.0
23061.0
13090.0
34874.0
86126.0
45679.0
53210.0
82946.0
45465.0
66755.0
17653.0
42024.0
49274.0
57823.0
95677.0
71598.0
46437.0
26809.0
41499.0
23100.0
74122.0
24389.0
73447.0
40793.0
47022.0
14401.0
98513.0
94028.0
67480.0
88038.0
65833.0
95677.0
88145.0
52496.0
23990.0
59019.0
9884.0
8351.0
64809.0
83626.0
42872.0
79172.0
27274.0
31724.0
97970.0
79155.0
42581.0
1581.0
75098.0
99479.0
48363.0
65599.0
61633.0
86642.0
41958.0
65381.0
53437.0
16031.0
52329.0
59996.0
78598.0
40193.0
52792.0
85102.0
54649.0
43191.0
74772.0
71705.0
81920.0
4883.0
70659.0
53526.0
51405.0
35642.0
97113.0
21775.0
7944.0
79155.0
66286.0
627.0
43363.0
30596.0
97591.0
73060.0
41631.0
12510.0
74566.0
13949.0
39832.0
45867.0
60518.0
14143.0
78938.0
13482.0
73321.0
13776.0
46961.0
8362.0
65504.0
91929.0
30983.0
94797.0
12219.0
70954.0
53570.0
78150.0
24725.0
89947.0
46685.0
72374.0
74645.0
63671.0
94013.0
2467.0
71606.0
71465.0
76863.0
14482.0
93557.0
32703.0
97649.0
89090.0
22500.0
90234.0
82450.0
83260.0
41891.0
25733.0
1581.0
70417.0
73954.0
34060.0
58679.0
97296.0
99894.0
1187.0
63073.0
45478.0
65715.0
1290.0
88914.0
88476.0
23219.0
51435.0
74474.0
70820.0
33880.0
84713.0
84728.0
20270.0
50143.0
18189.0
59440.0
56385.0
40247.0
84769.0
23408.0
23748.0
26053.0
49630.0
94948.0
76694.0
76751.0
60013.0
64369.0
29741.0
42304.0
24490.0
91002.0
79692.0
55942.0
20237.0
58903.0
75626.0
68681.0
1922.0
61862.0
234.0
68180.0
41537.0
47121.0
90824.0
64318.0
12206.0
43951.0
60470.0
48979.0
93866.0
4935.0
80622.0
25620.0
76179.0
93809.0
29278.0
70554.0
30458.0
24369.0
10599.0
92482.0
58941.0
31168.0
27519.0
782.0
60657.0
80142.0
77039.0
22500.0
11581.0
27257.0
89851.0
86658.0
83284.0
64632.0
3477.0
31725.0
62868.0
89692.0
38250.0
82505.0
11295.0
98404.0
54682.0
33647.0
92998.0
23408.0
33692.0
64559.0
17593.0
75110.0
26677.0
31524.0
50405.0
83396.0
240.0
27589.0
8481.0
21364.0
49867.0
76412.0
93889.0
87741.0
89398.0
90304.0
79.0
7661.0
82763.0
4874.0
65875.0
55323.0
25275.0
62879.0
73114.0
62681.0
5810.0
64463.0
33393.0
72314.0
88928.0
12354.0
57925.0
23902.0
71034.0
45911.0
65836.0
88683.0
91699.0
39483.0
8729.0
78463.0
95889.0
11689.0
40005.0
70674.0
40793.0
18872.0
38342.0
28008.0
43194.0
89792.0
30716.0
71172.0
93059.0
56254.0
54008.0
24693.0
61770.0
72980.0
58541.0
30298.0
80565.0
37959.0
87096.0
78246.0
83740.0
39799.0
9143.0
43115.0
49193.0
83217.0
16077.0
77133.0
77229.0
37544.0
26810.0
10689.0
69957.0
33756.0
25191.0
62780.0
16978.0
72416.0
22559.0
77647.0
4377.0
85701.0
29741.0
80715.0
67103.0
1023.0
87919.0
35606.0
87974.0
68957.0
60361.0
43324.0
71493.0
44082.0
8363.0
82410.0
95041.0
16370.0
70906.0
20017.0
93562.0
36311.0
44698.0
71850.0
46406.0
52626.0
37528.0
84528.0
90037.0
38981.0
9320.0
86771.0
39626.0
41577.0
78886.0
28803.0
155.0
26443.0
95799.0
91508.0
58466.0
32038.0
39138.0
91699.0
43115.0
7576.0
97562.0
6352.0
67362.0
83437.0
44472.0
34917.0
66666.0
91430.0
79002.0
61658.0
54740.0
11451.0
55021.0
69609.0
99073.0
13789.0
81933.0
56923.0
90685.0
23099.0
28821.0
96470.0
94931.0
98.0
45700.0
4920.0
44909.0
76905.0
94634.0
83360.0
51748.0
26271.0
5392.0
62814.0
69618.0
8603.0
33586.0
88545.0
37242.0
98068.0
37011.0
87999.0
35968.0
9215.0
18770.0
84030.0
99907.0
13189.0
6167.0
23695.0
6946.0
82578.0
46924.0
40061.0
66649.0
32118.0
62067.0
94796.0
73195.0
13216.0
62364.0
12695.0
58061.0
24433.0
94877.0
29421.0
46218.0
22402.0
84041.0
66991.0
28096.0
19492.0
25000.0
19851.0
67378.0
17216.0
16837.0
43656.0
29628.0
69434.0
42538.0
95152.0
48328.0
97045.0
45574.0
48504.0
67532.0
99705.0
48379.0
1332.0
50001.0
59890.0
71617.0
86558.0
2731.0
11023.0
35006.0
49126.0
34198.0
79357.0
27146.0
12755.0
43117.0
97058.0
29972.0
32760.0
50652.0
88519.0
21284.0
22329.0
84429.0
68986.0
9516.0
24565.0
79.0
82077.0
38767.0
47927.0
9885.0
75016.0
39054.0
47108.0
34914.0
94015.0
57445.0
9016.0
51313.0
2283.0
76066.0
78091.0
88375.0
43538.0
82260.0
58531.0
73849.0
98229.0
63473.0
3714.0
51325.0
45198.0
19297.0
62681.0
89871.0
21218.0
6707.0
2756.0
7544.0
7603.0
24792.0
80887.0
75793.0
86546.0
94375.0
15811.0
5734.0
28597.0
78681.0
29462.0
33304.0
80341.0
5645.0
31365.0
45493.0
74081.0
3147.0
52196.0
70516.0
94013.0
89849.0
20053.0
8316.0
78780.0
84435.0
32171.0
12378.0
63040.0
26537.0
14856.0
14803.0
8679.0
94877.0
95033.0
10092.0
42001.0
43417.0
91476.0
43115.0
88175.0
69820.0
60136.0
78914.0
13482.0
92865.0
70153.0
82821.0
55119.0
64371.0
33756.0
30583.0
69402.0
6827.0
71545.0
95759.0
11023.0
40822.0
35729.0
39127.0
29021.0
95959.0
40901.0
67780.0
57321.0
94410.0
37908.0
55943.0
70549.0
75142.0
61076.0
4009.0
69945.0
22325.0
29278.0
44594.0
32432.0
49829.0
10914.0
66125.0
5131.0
6180.0
36572.0
65385.0
60013.0
92504.0
72488.0
69881.0
1924.0
41295.0
99149.0
83041.0
71285.0
20708.0
80080.0
11581.0
89230.0
76942.0
8844.0
40886.0
3457.0
40983.0
97182.0
89475.0
55324.0
36821.0
9743.0
99008.0
71878.0
22500.0
48756.0
66651.0
74497.0
92615.0
46581.0
21201.0
90257.0
48493.0
59890.0
44472.0
25881.0
59710.0
82046.0
85696.0
46789.0
18774.0
53437.0
66623.0
78668.0
76159.0
55323.0
73206.0
11780.0
53541.0
61507.0
17783.0
43975.0
15887.0
92885.0
3147.0
99904.0
74752.0
49435.0
17821.0
35492.0
95699.0
21183.0
7354.0
35062.0
90010.0
34777.0
31053.0
10678.0
97759.0
8788.0
55169.0
3542.0
30241.0
48162.0
99439.0
81945.0
50215.0
58933.0
93144.0
12354.0
8256.0
29197.0
17711.0
33369.0
2140.0
22221.0
95834.0
29872.0
97989.0
39933.0
12771.0
63716.0
13149.0
78743.0
51113.0
21058.0
683.0
11096.0
51163.0
40997.0
26107.0
84890.0
40496.0
17716.0
13628.0
90081.0
7944.0
93391.0
85800.0
25593.0
23312.0
50165.0
984.0
6382.0
87641.0
96567.0
63661.0
10355.0
82564.0
53624.0
33984.0
53969.0
33119.0
95207.0
50934.0
17212.0
4534.0
94568.0
27597.0
36539.0
17629.0
10257.0
15900.0
72857.0
18673.0
3540.0
69484.0
80483.0
30295.0
78153.0
46845.0
23270.0
94375.0
17842.0
18999.0
83981.0
12974.0
30608.0
97058.0
1919.0
38802.0
7132.0
13156.0
35637.0
14387.0
29576.0
5773.0
70232.0
92487.0
30622.0
52855.0
24478.0
98502.0
95161.0
78198.0
85875.0
69268.0
79099.0
75924.0
37159.0
7703.0
18572.0
18309.0
47341.0
40747.0
76860.0
64267.0
40218.0
10051.0
34198.0
57884.0
21364.0
6848.0
82036.0
43086.0
69213.0
43215.0
1339.0
21984.0
49856.0
77405.0
63727.0
74825.0
9733.0
76255.0
38699.0
43734.0
91376.0
7581.0
5611.0
92085.0
43713.0
20153.0
15794.0
50402.0
79806.0
94552.0
85097.0
90435.0
69075.0
59125.0
65407.0
40193.0
61000.0
45876.0
40020.0
6167.0
42685.0
80403.0
16772.0
49452.0
20802.0
75110.0
6366.0
49829.0
72415.0
80529.0
70554.0
71564.0
34558.0
45315.0
41161.0
90799.0
18495.0
56413.0
95793.0
24999.0
5706.0
45518.0
79145.0
46503.0
33287.0
35694.0
13383.0
9300.0
93625.0
75626.0
22374.0
2401.0
20306.0
98009.0
8212.0
55674.0
71034.0
51918.0
79846.0
67532.0
86398.0
37966.0
12695.0
12564.0
41831.0
21290.0
14476.0
11070.0
1445.0
13867.0
30175.0
99784.0
95596.0
7705.0
74274.0
88329.0
16346.0
11678.0
12510.0
23444.0
81731.0
3487.0
53149.0
15583.0
49698.0
49529.0
46573.0
85742.0
34753.0
75726.0
17675.0
71857.0
1811.0
20153.0
71182.0
81865.0
84769.0
53607.0
87226.0
88091.0
69121.0
19486.0
35514.0
59081.0
55266.0
5519.0
5713.0
64463.0
94749.0
80759.0
41161.0
76694.0
72911.0
13105.0
22325.0
61742.0
5282.0
9149.0
39090.0
29429.0
58541.0
8154.0
15025.0
33326.0
82040.0
64632.0
65837.0
24630.0
50627.0
6794.0
20554.0
78512.0
74493.0
46499.0
94874.0
71465.0
1178.0
13189.0
79804.0
580.0
75110.0
23312.0
14265.0
26677.0
39578.0
46550.0
1744.0
21136.0
94024.0
5922.0
76066.0
30035.0
69298.0
68875.0
27545.0
46733.0
24695.0
64204.0
48601.0
34016.0
42018.0
13742.0
30475.0
71705.0
54295.0
76611.0
32707.0
7705.0
82183.0
59595.0
17814.0
82108.0
97544.0
18691.0
68082.0
62915.0
18154.0
94785.0
12095.0
82818.0
25504.0
94054.0
29647.0
69268.0
39442.0
86858.0
30074.0
41590.0
35058.0
26801.0
47381.0
48887.0
95863.0
85820.0
84063.0
9722.0
78053.0
24433.0
2876.0
81267.0
14028.0
40055.0
81677.0
78694.0
37699.0
93219.0
75793.0
83434.0
2749.0
93490.0
18243.0
22478.0
576.0
7207.0
63809.0
17309.0
66590.0
72689.0
82634.0
84447.0
47852.0
65599.0
80963.0
50036.0
34540.0
2621.0
86595.0
41815.0
44472.0
38276.0
30370.0
85701.0
78793.0
53568.0
88776.0
73148.0
71814.0
94779.0
63552.0
78877.0
41499.0
54978.0
4292.0
87525.0
40207.0
45518.0
50353.0
83179.0
86291.0
95699.0
82427.0
88928.0
70608.0
48294.0
57139.0
97747.0
16822.0
22270.0
76617.0
87999.0
68958.0
86610.0
71764.0
27085.0
98812.0
22314.0
39727.0
2140.0
81118.0
84338.0
43704.0
70052.0
15343.0
60597.0
34573.0
48743.0
57938.0
1919.0
53982.0
65771.0
67815.0
20634.0
41653.0
86384.0
13556.0
77163.0
72890.0
25557.0
26690.0
41891.0
83310.0
77229.0
50522.0
70032.0
11048.0
65998.0
55235.0
71029.0
47532.0
39113.0
19605.0
51182.0
95207.0
66346.0
84030.0
72980.0
72136.0
16415.0
77651.0
36170.0
91495.0
38250.0
65823.0
71252.0
92006.0
65131.0
17724.0
17875.0
58838.0
1379.0
62216.0
8482.0
29694.0
27187.0
25274.0
83895.0
5395.0
59451.0
96427.0
59411.0
11345.0
8961.0
60405.0
63874.0
18836.0
25881.0
82450.0
34514.0
68480.0
40070.0
19986.0
97970.0
44420.0
92378.0
43713.0
44977.0
15214.0
46511.0
64251.0
19297.0
45679.0
11251.0
85029.0
14961.0
29647.0
60490.0
62310.0
51964.0
38116.0
87003.0
66924.0
41416.0
53734.0
49705.0
6192.0
27165.0
20471.0
81850.0
5321.0
48968.0
24389.0
82772.0
41011.0
22048.0
32703.0
11920.0
74465.0
74699.0
97748.0
77511.0
39928.0
52549.0
25426.0
34494.0
49613.0
15284.0
25545.0
21461.0
7738.0
36715.0
91091.0
79806.0
17150.0
75145.0
36597.0
22134.0
7347.0
20662.0
47605.0
16813.0
34887.0
98929.0
69206.0
57422.0
8206.0
50155.0
7589.0
74217.0
44987.0
8891.0
5496.0
6546.0
89415.0
68654.0
14387.0
80047.0
35129.0
71493.0
1729.0
49418.0
88437.0
95376.0
11374.0
10022.0
52103.0
90550.0
13096.0
8521.0
22196.0
63488.0
59984.0
82818.0
2710.0
78877.0
91048.0
48636.0
36525.0
18466.0
78795.0
49613.0
27687.0
4336.0
37113.0
97132.0
20487.0
64157.0
60504.0
55850.0
41676.0
34060.0
14653.0
56151.0
3379.0
56060.0
69121.0
96818.0
44992.0
79846.0
72799.0
97058.0
19922.0
76125.0
69811.0
83887.0
47900.0
46861.0
80715.0
18438.0
37073.0
20303.0
56107.0
56042.0
87058.0
95167.0
93299.0
80047.0
59255.0
55784.0
49443.0
2123.0
37376.0
75583.0
53125.0
2582.0
576.0
237.0
62687.0
90973.0
73109.0
15284.0
10907.0
15776.0
66261.0
39192.0
38250.0
76843.0
2570.0
58061.0
33079.0
98764.0
13040.0
41979.0
94874.0
71876.0
47606.0
45656.0
36704.0
6000.0
75862.0
49449.0
86313.0
9222.0
1561.0
89969.0
27192.0
5790.0
74009.0
10396.0
45776.0
93394.0
87608.0
81118.0
29021.0
88698.0
64157.0
33647.0
29510.0
77962.0
61150.0
21488.0
71606.0
60470.0
98735.0
44980.0
76942.0
94020.0
89005.0
47867.0
67704.0
16709.0
87236.0
90495.0
74806.0
83645.0
42016.0
44437.0
49991.0
4902.0
6993.0
1846.0
83016.0
88692.0
67689.0
50652.0
51113.0
98802.0
83235.0
67491.0
24433.0
20324.0
46874.0
1163.0
52387.0
22546.0
20411.0
50867.0
64898.0
46459.0
27039.0
98055.0
71210.0
9253.0
18935.0
40565.0
65504.0
59081.0
84041.0
93636.0
13789.0
29290.0
6848.0
16092.0
82712.0
18815.0
34194.0
41895.0
82844.0
36468.0
94948.0
2570.0
44933.0
34736.0
94138.0
35427.0
80425.0
33270.0
6647.0
1915.0
76851.0
28431.0
15810.0
11627.0
24951.0
95338.0
78270.0
84204.0
56092.0
36572.0
74016.0
83839.0
99705.0
14848.0
29834.0
84030.0
2494.0
45367.0
17973.0
34573.0
92721.0
66915.0
14428.0
68689.0
21782.0
65874.0
93870.0
61880.0
69682.0
89042.0
87899.0
2368.0
5358.0
96877.0
79846.0
91776.0
39455.0
64498.0
61863.0
65715.0
71516.0
34640.0
46924.0
36311.0
97032.0
16538.0
96414.0
7581.0
96790.0
76160.0
91244.0
92521.0
55031.0
20635.0
54254.0
83118.0
97226.0
63248.0
92870.0
24792.0
14104.0
11013.0
14301.0
9491.0
63049.0
69069.0
88698.0
76093.0
50526.0
33731.0
43865.0
41057.0
39054.0
99522.0
62651.0
87111.0
91685.0
5250.0
11013.0
5796.0
80127.0
93049.0
87906.0
82561.0
86261.0
32461.0
25096.0
97084.0
50471.0
12845.0
55756.0
10376.0
33766.0
23431.0
45914.0
52387.0
4351.0
25197.0
53177.0
29920.0
43206.0
22050.0
91769.0
73030.0
44353.0
66791.0
29011.0
50155.0
1656.0
53153.0
43229.0
51994.0
30581.0
78676.0
53153.0
84580.0
98967.0
77344.0
9451.0
79804.0
58491.0
75136.0
4767.0
65144.0
62837.0
11862.0
27757.0
72415.0
30766.0
99497.0
14105.0
87967.0
40998.0
38779.0
51918.0
61539.0
74872.0
31122.0
17676.0
7427.0
11096.0
45192.0
32760.0
46470.0
15866.0
91283.0
46961.0
47541.0
10439.0
9760.0
75861.0
79053.0
84227.0
57674.0
11452.0
95725.0
75158.0
42712.0
98447.0
40911.0
7598.0
35871.0
98494.0
25667.0
364.0
15900.0
20238.0
72626.0
510.0
55522.0
73297.0
97113.0
75639.0
8782.0
3030.0
42005.0
86208.0
8640.0
74556.0
96578.0
91690.0
44987.0
60648.0
54831.0
59909.0
23134.0
56488.0
7233.0
59355.0
14178.0
96327.0
9034.0
14669.0
11594.0
14250.0
53403.0
5713.0
94320.0
6000.0
37747.0
42509.0
67780.0
63279.0
15175.0
43237.0
15473.0
52216.0
17274.0
29328.0
21247.0
53960.0
85007.0
87160.0
61633.0
10340.0
45213.0
60921.0
4696.0
24629.0
52245.0
39276.0
89983.0
85185.0
62809.0
17136.0
75976.0
86392.0
25560.0
59799.0
98735.0
95257.0
30241.0
54466.0
87627.0
61567.0
73122.0
25472.0
82888.0
80569.0
80790.0
22221.0
8141.0
90109.0
96182.0
78523.0
54706.0
17051.0
22916.0
5512.0
9277.0
21600.0
75862.0
6512.0
34754.0
14794.0
61687.0
55666.0
24658.0
39834.0
51008.0
28876.0
18309.0
40822.0
61028.0
35916.0
72779.0
13965.0
82321.0
75418.0
89888.0
23634.0
17811.0
1881.0
66009.0
33650.0
97261.0
69497.0
12845.0
39010.0
94252.0
32225.0
35691.0
83644.0
78439.0
39181.0
19219.0
31552.0
68528.0
9654.0
67540.0
63614.0
34012.0
83390.0
89219.0
4675.0
82469.0
40021.0
81082.0
16314.0
27602.0
79934.0
76547.0
7347.0
67316.0
32366.0
8927.0
45806.0
70515.0
54169.0
40677.0
12564.0
82964.0
53179.0
82851.0
65775.0
85779.0
15783.0
37579.0
39061.0
2140.0
68180.0
42268.0
71651.0
65875.0
23393.0
7036.0
12482.0
58115.0
87236.0
35170.0
37907.0
2295.0
23245.0
75318.0
29054.0
31731.0
49138.0
57381.0
48779.0
10907.0
75477.0
45477.0
79320.0
38892.0
49200.0
85952.0
28091.0
56092.0
38337.0
51667.0
20162.0
23393.0
77500.0
20526.0
89097.0
86283.0
33887.0
93483.0
54030.0
11100.0
66768.0
70107.0
85289.0
81731.0
31794.0
56007.0
6038.0
57422.0
77717.0
31493.0
96445.0
93601.0
48888.0
4400.0
5490.0
68768.0
24433.0
30399.0
60792.0
18406.0
4337.0
18446.0
67859.0
25955.0
12196.0
2140.0
7402.0
12028.0
9885.0
36272.0
30983.0
86394.0
78914.0
89005.0
72520.0
88742.0
55939.0
90850.0
99440.0
4367.0
37323.0
61742.0
21136.0
53461.0
9468.0
12403.0
44698.0
61862.0
44712.0
6352.0
53387.0
83118.0
27307.0
5280.0
51380.0
10170.0
3298.0
67702.0
63260.0
20949.0
84409.0
4625.0
40270.0
58030.0
55123.0
4389.0
58263.0
18999.0
24024.0
21838.0
20411.0
43115.0
95691.0
33646.0
59311.0
80047.0
90374.0
74122.0
8608.0
68768.0
92396.0
65973.0
78822.0
42872.0
78991.0
38345.0
18102.0
55618.0
83259.0
11451.0
91617.0
1748.0
36524.0
5645.0
73753.0
26577.0
70737.0
20554.0
34330.0
13293.0
19543.0
26577.0
49539.0
68725.0
75821.0
55600.0
16536.0
61659.0
48216.0
89195.0
55351.0
4414.0
25615.0
93028.0
74955.0
83786.0
69402.0
93391.0
55620.0
17609.0
99750.0
55541.0
87893.0
59255.0
77553.0
92959.0
9722.0
40544.0
76766.0
68768.0
74973.0
46734.0
66550.0
5302.0
92040.0
16241.0
44594.0
78653.0
26519.0
21140.0
11982.0
79846.0
96818.0
25620.0
56679.0
47634.0
67316.0
25420.0
96445.0
39156.0
52166.0
9210.0
96998.0
98129.0
53005.0
22134.0
21591.0
1965.0
23781.0
78097.0
23340.0
18134.0
25014.0
98800.0
45218.0
40168.0
22753.0
43229.0
99426.0
90281.0
38975.0
12205.0
85844.0
9758.0
34887.0
49443.0
51625.0
33850.0
45009.0
11589.0
59826.0
38568.0
59710.0
68378.0
56151.0
41187.0
30678.0
90080.0
87380.0
77727.0
53389.0
97320.0
80341.0
55291.0
70273.0
83844.0
26759.0
87052.0
67841.0
35875.0
73807.0
48093.0
15214.0
44256.0
21366.0
69452.0
7036.0
21816.0
2710.0
61594.0
49867.0
51850.0
62962.0
78733.0
33370.0
71615.0
94994.0
5387.0
72416.0
27495.0
67798.0
46608.0
55291.0
10940.0
11678.0
18060.0
30828.0
92066.0
13965.0
19457.0
46240.0
98027.0
1023.0
76942.0
24863.0
4498.0
80442.0
83009.0
9881.0
91617.0
6288.0
49386.0
86982.0
48942.0
46951.0
57943.0
39578.0
99149.0
14242.0
24754.0
8367.0
31251.0
23920.0
29669.0
30313.0
14477.0
86324.0
88514.0
16551.0
78795.0
72424.0
59217.0
73163.0
14105.0
24598.0
52983.0
79780.0
16255.0
14653.0
46140.0
91815.0
26139.0
29608.0
23426.0
1688.0
1037.0
97613.0
31323.0
14803.0
39783.0
41652.0
91184.0
19857.0
86519.0
91616.0
4351.0
99221.0
34016.0
61164.0
50746.0
59348.0
58462.0
61717.0
33548.0
22374.0
1723.0
34274.0
10567.0
29655.0
19611.0
6192.0
62474.0
98030.0
14256.0
45255.0
37758.0
33860.0
74888.0
88223.0
54594.0
39832.0
54830.0
81921.0
80304.0
99808.0
20605.0
29863.0
71771.0
70837.0
34430.0
42151.0
84243.0
44548.0
19851.0
6647.0
41621.0
46933.0
71034.0
41225.0
31686.0
12871.0
27811.0
11982.0
25668.0
372.0
80565.0
75412.0
34777.0
12572.0
20679.0
49074.0
75534.0
41235.0
9288.0
31101.0
13720.0
81843.0
1057.0
35916.0
30920.0
54008.0
73114.0
84387.0
16486.0
62892.0
85379.0
95435.0
9125.0
43175.0
43887.0
73083.0
11652.0
63220.0
63473.0
79313.0
2177.0
17449.0
33079.0
85255.0
358.0
71367.0
99818.0
1710.0
10411.0
89920.0
68401.0
53196.0
21848.0
9854.0
5280.0
2661.0
28164.0
21741.0
39656.0
78780.0
30370.0
27508.0
64564.0
53944.0
22847.0
33371.0
23426.0
69497.0
34576.0
19297.0
93070.0
73954.0
37376.0
63790.0
31137.0
25914.0
21390.0
25504.0
84284.0
51461.0
21796.0
71376.0
38892.0
5781.0
31724.0
4311.0
96932.0
18354.0
97305.0
68768.0
93489.0
43795.0
6073.0
65427.0
66125.0
66964.0
7176.0
87577.0
75583.0
49386.0
10492.0
71878.0
8540.0
6035.0
43930.0
217.0
61347.0
87819.0
40246.0
12742.0
72567.0
37467.0
54637.0
40028.0
36694.0
99522.0
25014.0
48294.0
59473.0
70405.0
74914.0
19153.0
46430.0
22364.0
49386.0
65787.0
53870.0
61724.0
91979.0
17197.0
10355.0
78519.0
26519.0
92385.0
86208.0
52343.0
7358.0
91810.0
94450.0
7105.0
98800.0
99439.0
59892.0
98765.0
56701.0
13578.0
42766.0
66964.0
11347.0
53536.0
15811.0
67636.0
24693.0
27597.0
67742.0
94159.0
59275.0
27487.0
10893.0
32645.0
17724.0
96414.0
22333.0
9300.0
4396.0
59311.0
33044.0
68289.0
60710.0
23725.0
25004.0
95687.0
54908.0
90672.0
77717.0
79937.0
90772.0
38588.0
92203.0
91158.0
56204.0
12453.0
21247.0
93602.0
3147.0
56393.0
90532.0
13040.0
30947.0
44873.0
18386.0
43158.0
95955.0
75236.0
78324.0
97058.0
59320.0
33270.0
94085.0
43590.0
97810.0
79348.0
79219.0
84421.0
78249.0
7705.0
43800.0
89438.0
61659.0
234.0
1627.0
73950.0
37570.0
5345.0
52911.0
90213.0
2174.0
87095.0
5199.0
25059.0
40677.0
61676.0
46861.0
64118.0
8688.0
21642.0
34736.0
67399.0
97128.0
38387.0
37113.0
70153.0
89216.0
48283.0
45865.0
92032.0
11092.0
67067.0
86163.0
34151.0
16024.0
18741.0
70516.0
20145.0
8536.0
73950.0
45911.0
53865.0
33650.0
37432.0
69444.0
70406.0
36909.0
44547.0
71236.0
59041.0
47903.0
40886.0
77067.0
29777.0
74973.0
5243.0
27020.0
75759.0
57633.0
70053.0
74940.0
49364.0
23079.0
14800.0
44921.0
98472.0
40958.0
15870.0
13212.0
22047.0
76351.0
4396.0
72046.0
14401.0
59799.0
98068.0
4205.0
80080.0
43237.0
360.0
9975.0
17786.0
94845.0
30766.0
43590.0
56257.0
53389.0
70406.0
37729.0
38413.0
55075.0
74334.0
8219.0
64708.0
88803.0
10329.0
32703.0
67480.0
70033.0
24565.0
65776.0
16457.0
43262.0
37437.0
11639.0
55119.0
62305.0
40336.0
23848.0
73399.0
93147.0
75145.0
87052.0
63763.0
35323.0
25668.0
5359.0
47107.0
98374.0
68022.0
76719.0
56828.0
84284.0
61164.0
12102.0
5447.0
80265.0
17629.0
56966.0
53957.0
37758.0
60527.0
15305.0
58459.0
56911.0
32225.0
89627.0
65393.0
62745.0
80304.0
62962.0
16857.0
74662.0
47536.0
25620.0
42685.0
61768.0
79883.0
67071.0
43381.0
84750.0
38416.0
84626.0
38015.0
32723.0
42468.0
31285.0
65973.0
19490.0
57889.0
39138.0
99862.0
9604.0
99932.0
34866.0
68545.0
17072.0
30125.0
53839.0
99012.0
88917.0
8422.0
71637.0
61702.0
81362.0
13293.0
99758.0
76447.0
44890.0
9277.0
9305.0
36930.0
33001.0
28391.0
58126.0
23442.0
66010.0
50945.0
20986.0
79511.0
44909.0
67225.0
32851.0
78976.0
2921.0
4057.0
29226.0
2079.0
44841.0
68768.0
42038.0
50143.0
91007.0
2295.0
76242.0
94886.0
7137.0
61379.0
81865.0
37994.0
99752.0
25324.0
36852.0
63661.0
95769.0
46536.0
75477.0
86780.0
35514.0
93212.0
74328.0
16255.0
5409.0
42095.0
13454.0
76035.0
7732.0
45663.0
54411.0
34691.0
17392.0
43730.0
42083.0
52435.0
79427.0
86291.0
51832.0
63465.0
10590.0
58838.0
55101.0
75871.0
76317.0
85952.0
86608.0
2758.0
75272.0
18777.0
28724.0
83675.0
59984.0
7014.0
42001.0
9885.0
73030.0
68003.0
90337.0
49953.0
78198.0
58288.0
26372.0
46861.0
56260.0
86858.0
75862.0
42499.0
67979.0
1543.0
18051.0
58735.0
57048.0
63630.0
23269.0
41295.0
13855.0
25687.0
26809.0
49443.0
97058.0
94067.0
27085.0
87919.0
87603.0
62837.0
32054.0
25578.0
56639.0
69137.0
33179.0
58114.0
85029.0
53643.0
44873.0
90109.0
9188.0
63716.0
78726.0
39276.0
92487.0
34514.0
81759.0
74016.0
47629.0
89141.0
81214.0
94424.0
84437.0
35968.0
95880.0
92150.0
59718.0
37994.0
66699.0
5164.0
10059.0
22432.0
22189.0
92870.0
96967.0
62067.0
35222.0
22223.0
84769.0
71564.0
33045.0
65837.0
15013.0
58064.0
63467.0
78726.0
67067.0
95020.0
48005.0
95390.0
73002.0
63132.0
77029.0
51378.0
70273.0
19697.0
8844.0
32320.0
90251.0
64670.0
28096.0
38119.0
59736.0
87380.0
29608.0
60023.0
6914.0
65226.0
79312.0
85840.0
25203.0
10054.0
68619.0
89395.0
98783.0
1140.0
8564.0
30276.0
77640.0
72945.0
45218.0
16808.0
19691.0
42346.0
8536.0
31509.0
22880.0
78537.0
78091.0
35691.0
76841.0
69009.0
52169.0
14905.0
84706.0
29462.0
84409.0
96476.0
94742.0
71441.0
37866.0
49896.0
49922.0
46186.0
22559.0
79747.0
44892.0
49483.0
61021.0
48140.0
10363.0
1095.0
34081.0
74412.0
40148.0
25978.0
39382.0
8415.0
75240.0
41621.0
22196.0
81082.0
79716.0
85742.0
64371.0
40927.0
19153.0
74919.0
47391.0
11639.0
85800.0
98029.0
11594.0
2488.0
89013.0
8154.0
62687.0
11959.0
33570.0
18564.0
79629.0
89216.0
23100.0
97628.0
15627.0
59295.0
81695.0
20653.0
75510.0
14698.0
15919.0
81162.0
40911.0
78293.0
20053.0
49518.0
41997.0
80011.0
80047.0
55957.0
66010.0
21554.0
32366.0
17536.0
85592.0
991.0
88582.0
40218.0
44613.0
44243.0
62948.0
96796.0
59247.0
64456.0
