48985.0
64588.0
41847.0
70313.0
64254.0
14904.0
4434.0
6606.0
39978.0
1748.0
36569.0
98473.0
40317.0
91263.0
45562.0
61234.0
85592.0
51262.0
68596.0
12189.0
25376.0
20332.0
89310.0
79099.0
82674.0
26959.0
65298.0
20153.0
37437.0
51302.0
13205.0
42854.0
8800.0
35006.0
11363.0
83955.0
82689.0
70820.0
38075.0
2834.0
89415.0
36660.0
13477.0
20737.0
91477.0
592.0
24220.0
89888.0
94500.0
97357.0
91452.0
22333.0
3676.0
94055.0
22536.0
35345.0
13358.0
98229.0
48504.0
58884.0
63600.0
56151.0
55486.0
88683.0
44598.0
61996.0
37908.0
34514.0
69865.0
30528.0
93859.0
17716.0
92615.0
21058.0
49522.0
74087.0
27192.0
31731.0
97001.0
39797.0
27688.0
65562.0
98241.0
64708.0
64485.0
14069.0
6379.0
24695.0
24759.0
80810.0
74617.0
48526.0
52374.0
50620.0
83053.0
58825.0
17101.0
40601.0
65436.0
16650.0
53674.0
13232.0
36094.0
11575.0
22494.0
42624.0
91508.0
84543.0
22903.0
49547.0
94967.0
68180.0
84151.0
65833.0
16857.0
9366.0
91377.0
78745.0
83450.0
47569.0
7008.0
41203.0
24490.0
18076.0
38116.0
87096.0
69621.0
37699.0
82234.0
35019.0
60528.0
18271.0
66550.0
71705.0
59295.0
81856.0
24864.0
86291.0
74016.0
35436.0
5288.0
12028.0
51511.0
39362.0
13863.0
66590.0
62679.0
59095.0
31892.0
61463.0
97994.0
51842.0
57823.0
2097.0
72701.0
88275.0
62157.0
58064.0
15307.0
79357.0
12849.0
69156.0
69957.0
39349.0
29283.0
26046.0
52891.0
41746.0
65888.0
83935.0
28777.0
32308.0
27742.0
73035.0
85696.0
18370.0
93770.0
43229.0
47695.0
25708.0
85440.0
340.0
81935.0
32206.0
92998.0
20587.0
91528.0
22709.0
12102.0
56199.0
10691.0
83260.0
88038.0
5033.0
5805.0
28432.0
22181.0
81315.0
16709.0
61266.0
50196.0
5607.0
98883.0
90138.0
45102.0
6267.0
89732.0
35417.0
29718.0
58345.0
53494.0
43991.0
65836.0
60979.0
46268.0
88698.0
63883.0
29763.0
85374.0
33800.0
41954.0
93889.0
97969.0
31972.0
84940.0
40158.0
69150.0
78676.0
50831.0
36268.0
3666.0
56675.0
96750.0
68720.0
66946.0
30019.0
92939.0
86608.0
92024.0
95786.0
78941.0
75239.0
30078.0
19869.0
33097.0
26648.0
13958.0
45962.0
52576.0
83647.0
89939.0
72911.0
71509.0
98.0
23848.0
10584.0
25561.0
74502.0
66699.0
57925.0
50165.0
23134.0
42166.0
29770.0
65251.0
72415.0
53498.0
47217.0
33386.0
90799.0
9903.0
78842.0
84020.0
66651.0
25853.0
94210.0
63405.0
57703.0
80192.0
15329.0
74106.0
49153.0
32668.0
11821.0
86708.0
60303.0
5885.0
35229.0
75136.0
29158.0
49641.0
65608.0
66764.0
24028.0
71236.0
35371.0
76776.0
47989.0
84063.0
88681.0
87294.0
75610.0
90495.0
64204.0
9167.0
76905.0
78021.0
60970.0
86444.0
82213.0
30495.0
19524.0
23629.0
52333.0
10763.0
53608.0
68306.0
1066.0
72323.0
65206.0
60916.0
3778.0
29098.0
40031.0
79463.0
53003.0
89969.0
33289.0
15759.0
54649.0
88102.0
36527.0
51163.0
22519.0
26809.0
97989.0
55266.0
26452.0
48620.0
66394.0
82905.0
39477.0
82423.0
90998.0
63310.0
6249.0
30486.0
87714.0
3268.0
97562.0
35503.0
71367.0
91563.0
98270.0
46499.0
25199.0
14555.0
29197.0
17809.0
35784.0
77165.0
5773.0
19457.0
51911.0
49462.0
59882.0
29268.0
51625.0
26305.0
20769.0
53669.0
78900.0
29256.0
83675.0
7132.0
69372.0
88815.0
23927.0
43887.0
58081.0
75421.0
45856.0
84053.0
91894.0
17079.0
93406.0
87849.0
6268.0
48347.0
48328.0
1847.0
37613.0
80534.0
73207.0
75974.0
2869.0
39010.0
20789.0
5154.0
55323.0
25504.0
70836.0
41733.0
90973.0
84429.0
60540.0
36161.0
19673.0
66308.0
96604.0
83308.0
57224.0
89777.0
90850.0
12425.0
75140.0
20173.0
28389.0
52911.0
86283.0
89851.0
81759.0
20504.0
10748.0
74493.0
23961.0
36840.0
41854.0
48756.0
92894.0
24312.0
91423.0
53778.0
63249.0
96414.0
40794.0
94845.0
44155.0
17275.0
16978.0
18243.0
9884.0
60608.0
67963.0
25173.0
84387.0
1918.0
93528.0
31809.0
19097.0
17353.0
98846.0
83536.0
88375.0
66920.0
79800.0
79224.0
33047.0
37467.0
32644.0
2431.0
3912.0
98441.0
25914.0
68717.0
11100.0
70022.0
51405.0
88524.0
95836.0
90109.0
70090.0
63295.0
5051.0
27680.0
61917.0
53276.0
66311.0
2569.0
62740.0
78183.0
7868.0
68043.0
29371.0
55725.0
35794.0
43194.0
45765.0
33850.0
14263.0
91028.0
6828.0
47671.0
984.0
24618.0
36304.0
80483.0
23672.0
77647.0
18555.0
36589.0
66787.0
58044.0
42438.0
17675.0
12892.0
54526.0
372.0
20507.0
10291.0
88541.0
62780.0
19187.0
37618.0
13065.0
86724.0
52134.0
56406.0
54467.0
41416.0
65430.0
8859.0
16709.0
6138.0
49777.0
12881.0
93359.0
94020.0
42826.0
34890.0
55119.0
19849.0
91284.0
71893.0
14476.0
48489.0
5309.0
34565.0
99439.0
4483.0
96325.0
7050.0
59663.0
98933.0
1945.0
90209.0
15832.0
3583.0
816.0
23431.0
11959.0
84069.0
46530.0
8521.0
14628.0
5299.0
55456.0
58903.0
15627.0
41275.0
11828.0
87062.0
24537.0
72569.0
69366.0
41877.0
32609.0
94552.0
27495.0
7544.0
49576.0
62446.0
66190.0
30608.0
85651.0
82818.0
36653.0
98187.0
36618.0
1646.0
15295.0
30983.0
17609.0
76351.0
74384.0
19874.0
12867.0
84249.0
74041.0
6030.0
6836.0
57048.0
68950.0
91616.0
27457.0
43633.0
99430.0
97543.0
91406.0
78743.0
57791.0
6041.0
35388.0
89657.0
60075.0
90985.0
61884.0
33224.0
23971.0
6325.0
16437.0
18263.0
74054.0
96060.0
45102.0
55291.0
22293.0
48845.0
44824.0
48178.0
14223.0
87226.0
28155.0
68480.0
93572.0
25004.0
96476.0
26452.0
14616.0
98608.0
34247.0
37225.0
63671.0
8270.0
48159.0
74888.0
5519.0
20858.0
42463.0
49867.0
37422.0
71939.0
99148.0
65212.0
89273.0
11689.0
66009.0
73052.0
59781.0
22765.0
33270.0
49760.0
99894.0
6368.0
35767.0
98550.0
99826.0
68893.0
96348.0
4517.0
70881.0
18386.0
10914.0
98674.0
67876.0
12633.0
65989.0
32287.0
20015.0
65030.0
17520.0
6926.0
88164.0
15001.0
14147.0
67139.0
86508.0
22003.0
5024.0
75047.0
50645.0
85157.0
35538.0
90025.0
94339.0
67843.0
16346.0
95647.0
73876.0
38360.0
1623.0
61770.0
67253.0
25779.0
70513.0
34071.0
74906.0
91839.0
31938.0
1026.0
26046.0
69265.0
514.0
66677.0
30295.0
39738.0
31886.0
64846.0
6324.0
1309.0
11380.0
42399.0
65047.0
77338.0
15550.0
21423.0
54473.0
7240.0
32376.0
64830.0
40894.0
85185.0
27456.0
16165.0
22470.0
7575.0
21385.0
82012.0
98829.0
59460.0
75211.0
5493.0
3568.0
41120.0
94378.0
33029.0
99484.0
24268.0
25250.0
45411.0
67813.0
85899.0
86412.0
50025.0
69503.0
25392.0
40496.0
13176.0
24253.0
17777.0
6535.0
46392.0
67076.0
54555.0
98827.0
32732.0
17130.0
83584.0
56413.0
36644.0
58129.0
74412.0
33554.0
44892.0
19866.0
40949.0
82108.0
55970.0
6599.0
63473.0
60369.0
22693.0
1234.0
42561.0
49306.0
5416.0
34691.0
15850.0
38938.0
86118.0
25426.0
59588.0
28473.0
98000.0
7705.0
38892.0
87404.0
57938.0
46933.0
27508.0
32738.0
43827.0
39161.0
43419.0
51405.0
41499.0
76719.0
95863.0
16331.0
94159.0
64652.0
98157.0
54929.0
81144.0
79023.0
26307.0
24403.0
68449.0
1014.0
40270.0
34514.0
77119.0
40284.0
30149.0
51618.0
73195.0
90259.0
28470.0
5047.0
19083.0
72250.0
98870.0
45804.0
59919.0
92059.0
8564.0
30191.0
71158.0
356.0
78439.0
80492.0
28433.0
7231.0
46502.0
84149.0
64351.0
81329.0
5622.0
46571.0
37432.0
12939.0
99582.0
55531.0
87461.0
55280.0
52150.0
16152.0
70764.0
25316.0
46590.0
46720.0
45002.0
29741.0
78795.0
76046.0
86073.0
13482.0
2012.0
88972.0
68785.0
3436.0
73803.0
99955.0
64267.0
1876.0
70846.0
37905.0
61472.0
43563.0
44221.0
26485.0
79696.0
11096.0
38975.0
89337.0
44446.0
45698.0
71581.0
89037.0
62232.0
70754.0
14248.0
57340.0
66261.0
5699.0
67798.0
82749.0
30583.0
76281.0
51223.0
57112.0
30577.0
69691.0
60518.0
24723.0
5282.0
9663.0
15963.0
25529.0
76766.0
3889.0
17629.0
13862.0
15853.0
27727.0
29972.0
76113.0
83437.0
41316.0
58781.0
17653.0
43059.0
25631.0
64759.0
82622.0
22191.0
89679.0
3771.0
64877.0
46733.0
15197.0
67688.0
97416.0
74872.0
76006.0
47132.0
94785.0
64761.0
54196.0
62526.0
64449.0
56765.0
50968.0
728.0
38833.0
61172.0
38022.0
64803.0
18501.0
55702.0
49484.0
83226.0
51429.0
25472.0
6288.0
24369.0
92922.0
80124.0
55270.0
76574.0
74737.0
18815.0
90283.0
53461.0
75758.0
19851.0
91873.0
59025.0
62609.0
11733.0
85863.0
6798.0
67454.0
71617.0
87987.0
26612.0
51275.0
6153.0
98447.0
47022.0
59595.0
25884.0
39054.0
25881.0
73297.0
56899.0
4969.0
53496.0
56484.0
26880.0
4795.0
77284.0
45790.0
85295.0
75541.0
74848.0
12128.0
99758.0
79806.0
26186.0
94486.0
60729.0
91979.0
782.0
95554.0
19470.0
29655.0
81813.0
36392.0
37871.0
42847.0
63610.0
78645.0
95269.0
50909.0
34461.0
1037.0
47330.0
30654.0
94225.0
20272.0
41631.0
43042.0
45936.0
4104.0
95684.0
23408.0
2958.0
61809.0
48902.0
38547.0
39530.0
65509.0
74090.0
31125.0
53185.0
11363.0
17736.0
82775.0
87293.0
13787.0
33226.0
12714.0
65899.0
73369.0
45492.0
53005.0
61546.0
332.0
34846.0
97827.0
23711.0
42098.0
55485.0
43856.0
19334.0
1506.0
90080.0
5392.0
72355.0
43381.0
73237.0
83700.0
10038.0
33393.0
93483.0
68090.0
10988.0
47124.0
51987.0
92487.0
70546.0
12794.0
42016.0
47108.0
86693.0
39850.0
77229.0
87411.0
33029.0
14883.0
349.0
15692.0
48424.0
75615.0
43390.0
51416.0
77354.0
57537.0
24999.0
93961.0
55618.0
98752.0
26208.0
69268.0
10896.0
20400.0
36801.0
96524.0
47091.0
5961.0
44435.0
39388.0
17783.0
80342.0
76498.0
6753.0
31627.0
75517.0
52980.0
31042.0
81169.0
59174.0
14787.0
7085.0
57134.0
77673.0
2758.0
52367.0
25793.0
94168.0
23774.0
22479.0
23312.0
47175.0
52044.0
30279.0
57054.0
8692.0
67664.0
78560.0
14105.0
96022.0
12748.0
51370.0
55600.0
30502.0
90790.0
90485.0
35650.0
61476.0
237.0
10030.0
38802.0
61000.0
35571.0
62425.0
58134.0
50310.0
97113.0
19112.0
72046.0
95677.0
42408.0
86389.0
19857.0
91420.0
603.0
17250.0
49539.0
60145.0
19610.0
75914.0
4228.0
63248.0
99394.0
19171.0
59906.0
95740.0
83104.0
85875.0
83054.0
629.0
84156.0
82508.0
54764.0
19486.0
90226.0
88774.0
64516.0
70505.0
70107.0
40311.0
57461.0
26690.0
21642.0
18673.0
41161.0
48757.0
46163.0
49848.0
26372.0
84188.0
74662.0
59582.0
91606.0
40681.0
42265.0
71933.0
94320.0
52557.0
4163.0
61265.0
56147.0
4322.0
93445.0
40432.0
30212.0
92731.0
21795.0
44870.0
47323.0
23750.0
42800.0
38897.0
763.0
26331.0
74600.0
44918.0
95452.0
17733.0
55734.0
13342.0
25412.0
79145.0
43734.0
14800.0
31732.0
96407.0
12053.0
25644.0
77726.0
14252.0
21172.0
12097.0
98421.0
81953.0
77516.0
28876.0
61692.0
948.0
5131.0
22223.0
63809.0
88914.0
95772.0
77289.0
45315.0
25949.0
60645.0
27127.0
31277.0
87999.0
83338.0
92487.0
39335.0
3372.0
5199.0
22708.0
74146.0
81677.0
78330.0
60771.0
12113.0
49006.0
24439.0
28537.0
6359.0
97349.0
13205.0
86263.0
8891.0
13949.0
26829.0
75699.0
42872.0
81631.0
99907.0
64596.0
50161.0
46716.0
76582.0
3497.0
34242.0
16762.0
42737.0
79015.0
66193.0
72728.0
94356.0
4574.0
68643.0
94015.0
91436.0
52662.0
76043.0
48743.0
18478.0
17387.0
33854.0
79043.0
40996.0
30978.0
79810.0
48458.0
85102.0
36647.0
11013.0
76035.0
21322.0
5733.0
37737.0
47852.0
17710.0
49633.0
70781.0
17447.0
42609.0
51155.0
64679.0
36898.0
65513.0
10017.0
82909.0
40513.0
91184.0
63834.0
58290.0
72362.0
8608.0
30828.0
61742.0
9901.0
28925.0
41891.0
60759.0
51662.0
35058.0
8223.0
73579.0
90672.0
34707.0
32400.0
67120.0
93088.0
74465.0
53969.0
20802.0
31355.0
49229.0
43102.0
59691.0
12861.0
90516.0
49555.0
62706.0
32455.0
98664.0
41858.0
91690.0
90700.0
55663.0
98512.0
94410.0
9016.0
56932.0
81485.0
80125.0
80126.0
23100.0
74063.0
38416.0
99932.0
30947.0
26922.0
31241.0
84109.0
80677.0
98286.0
39127.0
7755.0
60648.0
2876.0
52612.0
84638.0
97174.0
22086.0
74566.0
98374.0
4057.0
95491.0
96341.0
54913.0
40671.0
66475.0
39768.0
58361.0
12541.0
61941.0
16952.0
28461.0
66736.0
76587.0
76566.0
26010.0
67742.0
93350.0
45048.0
8454.0
46459.0
34188.0
89438.0
56266.0
92040.0
42018.0
43507.0
25593.0
40373.0
70351.0
1727.0
75601.0
19303.0
7216.0
35609.0
33884.0
48597.0
88465.0
30746.0
50627.0
23340.0
39374.0
92365.0
71600.0
3379.0
55815.0
43618.0
9215.0
27081.0
6969.0
24930.0
92769.0
30154.0
97375.0
23388.0
20268.0
23472.0
20836.0
96414.0
50530.0
67797.0
64035.0
26336.0
73083.0
22999.0
93213.0
17946.0
42354.0
63925.0
75030.0
81109.0
3850.0
33494.0
1965.0
73087.0
7771.0
88329.0
74166.0
21752.0
36797.0
35846.0
43766.0
60969.0
99439.0
89235.0
70714.0
64917.0
38949.0
26147.0
94677.0
31016.0
94124.0
16442.0
78132.0
48556.0
78106.0
10411.0
48799.0
25978.0
36183.0
16130.0
11374.0
51981.0
97218.0
84349.0
82469.0
41458.0
45890.0
10805.0
38254.0
85948.0
57674.0
25978.0
70065.0
27636.0
14119.0
92285.0
34163.0
8909.0
85097.0
14599.0
42921.0
24693.0
51851.0
50918.0
31671.0
55464.0
66977.0
64649.0
57641.0
26015.0
222.0
53344.0
34860.0
65253.0
18943.0
39078.0
1098.0
26602.0
28248.0
8219.0
35585.0
27377.0
31768.0
39530.0
97663.0
38244.0
78523.0
57097.0
27005.0
4935.0
18572.0
30175.0
79124.0
91914.0
61717.0
70912.0
54400.0
14264.0
94213.0
16595.0
70095.0
55756.0
1436.0
86036.0
93862.0
13251.0
88150.0
95062.0
65489.0
3980.0
15857.0
14848.0
4741.0
956.0
69021.0
75160.0
29940.0
70559.0
75744.0
64318.0
68011.0
8168.0
52003.0
32239.0
74699.0
53866.0
68604.0
40298.0
83011.0
95167.0
18392.0
76942.0
79910.0
39589.0
71109.0
22402.0
2734.0
82569.0
90713.0
73007.0
99149.0
19611.0
56259.0
10632.0
87756.0
93601.0
3020.0
95882.0
93602.0
39944.0
97321.0
53822.0
69682.0
97140.0
34048.0
89851.0
31042.0
72857.0
42005.0
20008.0
32499.0
69538.0
6512.0
73343.0
33570.0
67631.0
15820.0
6477.0
61786.0
88636.0
36286.0
77462.0
98067.0
86459.0
48576.0
53430.0
28555.0
20420.0
19705.0
92706.0
24927.0
21635.0
48363.0
23661.0
24871.0
93263.0
92057.0
44679.0
32492.0
24123.0
29203.0
71615.0
98950.0
55942.0
91359.0
26953.0
74486.0
35053.0
57510.0
19034.0
4188.0
93631.0
63864.0
66768.0
42838.0
69009.0
9277.0
93167.0
8310.0
23368.0
4345.0
29670.0
41631.0
6100.0
63354.0
97296.0
7612.0
61661.0
74049.0
41687.0
13149.0
34293.0
96427.0
15602.0
35566.0
90508.0
58331.0
32207.0
52534.0
79747.0
55142.0
42828.0
93417.0
82296.0
50299.0
61695.0
60970.0
7296.0
49645.0
73206.0
74017.0
63251.0
10878.0
91929.0
56661.0
56352.0
78249.0
27979.0
11750.0
66593.0
55756.0
239.0
39113.0
73610.0
50737.0
78598.0
96609.0
10619.0
1623.0
45175.0
31958.0
76501.0
53570.0
76168.0
80341.0
57577.0
36539.0
81769.0
77412.0
49260.0
53957.0
42544.0
36704.0
83367.0
33182.0
33470.0
55605.0
9034.0
47854.0
85889.0
85529.0
6304.0
92271.0
32851.0
37285.0
29278.0
53656.0
56927.0
18097.0
46550.0
75272.0
22307.0
37579.0
67880.0
63052.0
29073.0
76244.0
75927.0
22221.0
49200.0
60535.0
16889.0
20313.0
8064.0
66631.0
13672.0
94924.0
11547.0
85204.0
99479.0
84890.0
67958.0
38569.0
35166.0
34748.0
89895.0
90533.0
85398.0
15541.0
40192.0
82772.0
62912.0
31808.0
71545.0
42761.0
98783.0
35160.0
14924.0
71034.0
67846.0
27043.0
91578.0
45656.0
49868.0
69468.0
97611.0
37994.0
83068.0
48892.0
595.0
40069.0
45001.0
11652.0
4911.0
79402.0
69023.0
30089.0
2895.0
93884.0
16724.0
79804.0
51182.0
92892.0
87934.0
72117.0
33692.0
15811.0
2174.0
155.0
59292.0
32795.0
16314.0
6035.0
44873.0
1178.0
19496.0
81731.0
93940.0
70620.0
70309.0
3714.0
82185.0
74973.0
68518.0
82398.0
58288.0
23504.0
39462.0
61768.0
33647.0
11678.0
3487.0
87872.0
11212.0
23518.0
8884.0
15609.0
59791.0
91789.0
61450.0
35337.0
20614.0
68875.0
55062.0
95120.0
51427.0
21330.0
49041.0
85506.0
32320.0
6707.0
93865.0
31122.0
43395.0
66286.0
98641.0
36572.0
83868.0
99182.0
84121.0
61071.0
40171.0
97632.0
96504.0
86838.0
68958.0
16334.0
40869.0
48898.0
87960.0
17212.0
18309.0
29462.0
62638.0
19261.0
4607.0
97998.0
29323.0
98003.0
20716.0
57548.0
52659.0
33601.0
47946.0
608.0
16612.0
15343.0
40911.0
88180.0
64952.0
56666.0
2266.0
45009.0
50375.0
46677.0
68773.0
81362.0
44042.0
90432.0
29079.0
27491.0
47034.0
72995.0
75510.0
41653.0
20471.0
44199.0
97305.0
83201.0
69444.0
99057.0
43803.0
23926.0
95152.0
7036.0
2636.0
74497.0
17072.0
946.0
94690.0
95032.0
95687.0
93286.0
64654.0
2627.0
85255.0
26065.0
66409.0
46503.0
46673.0
40808.0
71564.0
74224.0
28857.0
84758.0
79710.0
41915.0
85701.0
11387.0
40168.0
89757.0
83796.0
60320.0
56581.0
74580.0
85051.0
54998.0
53973.0
85128.0
99818.0
24747.0
90257.0
84284.0
87086.0
30920.0
33944.0
28119.0
86031.0
56489.0
29704.0
17514.0
95706.0
55705.0
75465.0
10590.0
16313.0
27722.0
80963.0
46139.0
17821.0
75534.0
32111.0
79511.0
68926.0
2294.0
52907.0
60345.0
32025.0
49348.0
5415.0
52329.0
65336.0
54830.0
20605.0
21366.0
88496.0
74930.0
26814.0
18691.0
45540.0
23408.0
64486.0
56911.0
14630.0
5321.0
21201.0
4927.0
18366.0
4498.0
41480.0
16362.0
76611.0
26677.0
69908.0
92385.0
2374.0
9604.0
48275.0
68986.0
12974.0
39834.0
97383.0
84888.0
86493.0
78512.0
60747.0
2488.0
95282.0
78201.0
37570.0
985.0
8968.0
1915.0
18184.0
67689.0
73148.0
29226.0
56330.0
88105.0
75308.0
66531.0
82673.0
35388.0
78938.0
30850.0
41273.0
35729.0
19631.0
33280.0
84992.0
5706.0
69437.0
6796.0
53721.0
4073.0
509.0
71589.0
67264.0
90550.0
59383.0
84785.0
48745.0
24143.0
93312.0
30045.0
67825.0
47341.0
26814.0
82578.0
13718.0
45806.0
36422.0
6544.0
3490.0
85029.0
92870.0
19402.0
73954.0
43898.0
26015.0
6717.0
58582.0
28767.0
94122.0
8974.0
23393.0
69392.0
85756.0
23967.0
61567.0
76518.0
86084.0
94990.0
6966.0
97784.0
29009.0
97515.0
18406.0
88014.0
65776.0
79155.0
95866.0
18564.0
93394.0
31117.0
2432.0
64120.0
58093.0
7137.0
4661.0
86384.0
5401.0
4592.0
1561.0
11594.0
60955.0
948.0
73698.0
91810.0
7358.0
34581.0
78957.0
31353.0
62589.0
61028.0
34863.0
45672.0
18397.0
46424.0
60361.0
86658.0
63479.0
76834.0
98010.0
92862.0
84243.0
86031.0
67086.0
55433.0
59984.0
10043.0
38580.0
27943.0
12929.0
44396.0
53838.0
58114.0
9649.0
11090.0
80610.0
145.0
80327.0
13624.0
34093.0
1670.0
78468.0
53159.0
24598.0
86068.0
1897.0
5624.0
86464.0
84954.0
99862.0
59892.0
30074.0
65393.0
22190.0
27146.0
5713.0
38030.0
60822.0
4427.0
43205.0
91988.0
48219.0
14566.0
43320.0
77273.0
61235.0
91035.0
52387.0
94931.0
83259.0
81118.0
35907.0
95935.0
6848.0
41931.0
34736.0
33422.0
37242.0
86112.0
71598.0
80877.0
35474.0
29147.0
62941.0
67567.0
42213.0
29584.0
44459.0
81209.0
53824.0
89415.0
50986.0
6793.0
47147.0
98065.0
83963.0
29028.0
2562.0
23781.0
64777.0
53563.0
22270.0
96699.0
53523.0
79801.0
95699.0
81731.0
83201.0
88396.0
6546.0
62915.0
8184.0
24749.0
11023.0
25420.0
22632.0
59406.0
90781.0
58807.0
81090.0
80127.0
41621.0
88962.0
30887.0
2140.0
52245.0
20673.0
380.0
94935.0
50821.0
3298.0
65978.0
92093.0
65620.0
193.0
27842.0
98472.0
5409.0
94085.0
47341.0
81921.0
52791.0
81525.0
55425.0
37871.0
45008.0
24347.0
6911.0
71104.0
49626.0
45395.0
8121.0
9491.0
68374.0
57231.0
64994.0
78080.0
68957.0
78379.0
4478.0
3845.0
72573.0
91015.0
60472.0
94670.0
26690.0
12359.0
21554.0
69823.0
1744.0
54147.0
58199.0
62305.0
91307.0
67179.0
95149.0
93639.0
75033.0
31803.0
86278.0
28443.0
19040.0
38071.0
23285.0
35274.0
27274.0
9027.0
46845.0
20361.0
67815.0
5826.0
82309.0
82211.0
48209.0
27465.0
58856.0
14080.0
81162.0
70302.0
12938.0
26579.0
98849.0
91410.0
16356.0
32608.0
70804.0
78809.0
68768.0
25000.0
15440.0
52578.0
9152.0
74930.0
86163.0
96919.0
93049.0
60856.0
72626.0
49811.0
52125.0
53387.0
39767.0
40218.0
65654.0
94084.0
90915.0
17018.0
75726.0
41833.0
56465.0
51996.0
77131.0
41815.0
74010.0
11847.0
38456.0
82002.0
74805.0
13009.0
67999.0
45351.0
22134.0
25059.0
91443.0
65209.0
85495.0
44712.0
54409.0
47536.0
40021.0
67249.0
78246.0
27259.0
60945.0
28168.0
11923.0
52893.0
11063.0
87919.0
60846.0
16635.0
64219.0
35477.0
31323.0
5409.0
30559.0
66964.0
8951.0
18348.0
70737.0
52682.0
92237.0
75639.0
26577.0
27281.0
75713.0
16837.0
77105.0
42077.0
2441.0
34887.0
20149.0
87762.0
76412.0
38571.0
98009.0
9760.0
39874.0
59394.0
2418.0
43644.0
43787.0
524.0
94252.0
14428.0
12701.0
34754.0
99827.0
77006.0
75109.0
9216.0
68622.0
67573.0
43342.0
37741.0
91429.0
69121.0
94863.0
18856.0
84355.0
40907.0
99774.0
39249.0
9878.0
10954.0
97858.0
54481.0
2803.0
10964.0
53511.0
74919.0
73751.0
245.0
60907.0
93391.0
47849.0
83045.0
40437.0
16305.0
93147.0
68361.0
18309.0
9668.0
94703.0
24904.0
1542.0
19453.0
53589.0
53960.0
68928.0
33336.0
274.0
57829.0
86283.0
31937.0
64157.0
10925.0
54589.0
3232.0
16772.0
17051.0
21796.0
40927.0
16747.0
53389.0
81328.0
67993.0
34452.0
26340.0
10439.0
52448.0
7354.0
99705.0
34012.0
65771.0
87255.0
951.0
7930.0
73050.0
21606.0
59192.0
6394.0
19112.0
51555.0
76863.0
32724.0
62892.0
92462.0
78991.0
25105.0
98764.0
13742.0
1510.0
48447.0
64670.0
39442.0
64090.0
31615.0
39580.0
74899.0
94191.0
54008.0
19076.0
96693.0
33169.0
86126.0
17449.0
11116.0
4596.0
77133.0
67225.0
93179.0
55398.0
9695.0
97548.0
82136.0
88494.0
5277.0
65926.0
8908.0
2467.0
89090.0
86505.0
34230.0
1387.0
62939.0
51162.0
17711.0
72239.0
82971.0
8846.0
97032.0
35543.0
331.0
30384.0
18351.0
28839.0
55583.0
64498.0
10737.0
1845.0
81987.0
58126.0
12569.0
40582.0
94036.0
42392.0
45367.0
78053.0
43211.0
89282.0
55835.0
84863.0
94516.0
3115.0
10944.0
35550.0
52541.0
86789.0
26759.0
47071.0
42794.0
72193.0
29048.0
63538.0
17349.0
47066.0
56973.0
2510.0
96018.0
30042.0
29130.0
83118.0
70273.0
30125.0
11620.0
16844.0
17949.0
77056.0
13858.0
12152.0
32993.0
95221.0
66593.0
49302.0
51818.0
92006.0
34865.0
16529.0
97320.0
83700.0
29021.0
63552.0
86734.0
52491.0
10376.0
27955.0
5512.0
57139.0
57394.0
86649.0
49068.0
5398.0
69115.0
17042.0
18858.0
70153.0
76222.0
80236.0
90685.0
95993.0
48862.0
9020.0
8099.0
15731.0
70975.0
70779.0
76841.0
30927.0
77931.0
21659.0
29824.0
75834.0
20053.0
35812.0
97004.0
86463.0
38650.0
75183.0
71802.0
20306.0
70947.0
40158.0
19601.0
6841.0
18567.0
30678.0
3554.0
80950.0
61806.0
69402.0
89466.0
11733.0
38288.0
45253.0
47158.0
77263.0
50555.0
38819.0
9909.0
51801.0
39956.0
10605.0
66921.0
10316.0
83668.0
56384.0
26727.0
75953.0
83284.0
93497.0
56639.0
64809.0
9988.0
12271.0
8677.0
81078.0
16084.0
41644.0
40973.0
42346.0
87094.0
94697.0
24630.0
7786.0
8698.0
87974.0
32381.0
65246.0
58681.0
16259.0
3794.0
38040.0
54030.0
31133.0
97127.0
57790.0
55998.0
27080.0
50405.0
34198.0
33240.0
47749.0
22809.0
98765.0
14104.0
86081.0
37260.0
75459.0
84421.0
16683.0
60560.0
47927.0
73114.0
9743.0
43574.0
82603.0
7842.0
36371.0
55388.0
24916.0
39420.0
95725.0
51331.0
79520.0
30622.0
75039.0
72799.0
32579.0
13270.0
30256.0
75016.0
43136.0
64236.0
66664.0
80942.0
24945.0
24547.0
61736.0
33321.0
67572.0
69758.0
33060.0
83214.0
53266.0
60479.0
79806.0
19069.0
35884.0
61163.0
88640.0
30487.0
1924.0
40105.0
17654.0
49230.0
88677.0
94761.0
22310.0
43348.0
15440.0
68513.0
38892.0
39125.0
89381.0
54611.0
17654.0
78881.0
53674.0
74122.0
1016.0
40513.0
16187.0
12259.0
99117.0
46443.0
50478.0
26633.0
41676.0
58129.0
45953.0
96952.0
96291.0
77363.0
84675.0
79427.0
87890.0
68821.0
92507.0
94609.0
31686.0
26027.0
4377.0
42914.0
19888.0
52496.0
13112.0
87920.0
3425.0
58422.0
66348.0
46929.0
11589.0
70104.0
67821.0
44472.0
61306.0
87052.0
88928.0
93947.0
29547.0
46196.0
67455.0
14671.0
49517.0
91091.0
37380.0
5359.0
71285.0
12060.0
2039.0
86780.0
23219.0
50438.0
84401.0
31646.0
41584.0
92893.0
50093.0
71497.0
93280.0
10546.0
46250.0
90043.0
78179.0
61906.0
991.0
49953.0
3070.0
84820.0
36732.0
54137.0
88624.0
93643.0
76728.0
69075.0
80756.0
97915.0
2140.0
74033.0
86771.0
43657.0
23116.0
9389.0
56290.0
73323.0
58061.0
22329.0
7199.0
27039.0
37560.0
25377.0
29028.0
32600.0
10937.0
27757.0
31526.0
39410.0
95268.0
67970.0
46573.0
199.0
90293.0
52713.0
58511.0
52186.0
68322.0
66695.0
82955.0
240.0
89855.0
73163.0
27487.0
4670.0
77358.0
66439.0
65031.0
68958.0
76673.0
62678.0
94387.0
35931.0
29581.0
67067.0
12771.0
14796.0
8141.0
44106.0
46017.0
70142.0
52496.0
43968.0
66395.0
3817.0
40992.0
55148.0
42428.0
35492.0
13648.0
78129.0
29671.0
89141.0
42049.0
44420.0
98735.0
4129.0
49969.0
30768.0
91093.0
6177.0
68800.0
95257.0
51518.0
84437.0
27232.0
72349.0
22128.0
12306.0
33369.0
67958.0
29834.0
54808.0
77399.0
4093.0
67710.0
65407.0
6257.0
22152.0
11627.0
87695.0
90902.0
77140.0
42587.0
64334.0
30581.0
3166.0
15573.0
10355.0
15017.0
43851.0
71936.0
31834.0
18495.0
25063.0
18326.0
26065.0
6.0
44490.0
72736.0
99503.0
76434.0
42743.0
72691.0
56260.0
92109.0
97502.0
61959.0
7500.0
15899.0
35841.0
66704.0
27165.0
75240.0
62868.0
77211.0
54367.0
11920.0
42685.0
67303.0
18427.0
83786.0
66875.0
77405.0
61004.0
22546.0
72451.0
88813.0
19315.0
23922.0
75846.0
6310.0
89670.0
6028.0
33326.0
37042.0
73608.0
79270.0
44487.0
25260.0
27348.0
66611.0
98522.0
12095.0
21843.0
83866.0
10741.0
57884.0
58733.0
35653.0
62822.0
90647.0
82748.0
99784.0
28678.0
52767.0
88091.0
32076.0
55123.0
25560.0
30142.0
8983.0
21653.0
46103.0
38748.0
50522.0
82946.0
8761.0
5190.0
73527.0
15900.0
68768.0
71035.0
29836.0
18872.0
40299.0
86996.0
14081.0
39195.0
96369.0
93979.0
23913.0
88765.0
62650.0
94937.0
56824.0
41295.0
8154.0
88332.0
22210.0
42872.0
5611.0
95063.0
26988.0
62427.0
8742.0
81843.0
65873.0
58228.0
56701.0
40356.0
48883.0
73122.0
75416.0
94054.0
76860.0
1535.0
29290.0
49126.0
21775.0
19561.0
92463.0
59853.0
23280.0
63301.0
33092.0
43191.0
31053.0
12378.0
32707.0
91138.0
98920.0
23160.0
15866.0
54018.0
30562.0
96796.0
34407.0
50001.0
1637.0
58731.0
68082.0
56452.0
21741.0
21083.0
66855.0
53944.0
24565.0
91409.0
65998.0
15947.0
91002.0
36357.0
69129.0
7560.0
9358.0
9091.0
76617.0
66010.0
50523.0
59818.0
20526.0
92897.0
30161.0
88503.0
45465.0
27523.0
37966.0
6588.0
40687.0
25401.0
68553.0
1993.0
25452.0
30154.0
66171.0
18060.0
67585.0
89398.0
33003.0
39605.0
17581.0
12520.0
25749.0
92626.0
55059.0
82766.0
31126.0
19130.0
2621.0
87397.0
29654.0
70405.0
4973.0
25262.0
32434.0
69272.0
13212.0
61693.0
7237.0
17759.0
60177.0
73040.0
55186.0
69330.0
28671.0
17532.0
10257.0
55130.0
68475.0
35202.0
5395.0
22189.0
90393.0
7105.0
3860.0
31092.0
21890.0
99654.0
73373.0
13454.0
1204.0
46430.0
43122.0
48110.0
39382.0
95596.0
32574.0
37376.0
73750.0
70389.0
79865.0
51817.0
1762.0
27192.0
13428.0
78091.0
5631.0
66684.0
62913.0
4967.0
52873.0
87170.0
7233.0
47901.0
76999.0
17626.0
331.0
47535.0
97770.0
40657.0
11734.0
93221.0
63234.0
26535.0
28164.0
18985.0
51517.0
84799.0
66731.0
6290.0
24189.0
61583.0
77344.0
5790.0
46581.0
56247.0
58466.0
32888.0
53536.0
82767.0
56385.0
89369.0
71165.0
2905.0
71465.0
51370.0
54411.0
60694.0
21807.0
91048.0
37469.0
7381.0
83926.0
10080.0
34587.0
9957.0
79134.0
43930.0
44437.0
48107.0
23754.0
85619.0
76900.0
57071.0
18189.0
37154.0
84030.0
82321.0
72209.0
85052.0
85269.0
91001.0
64483.0
85298.0
30766.0
38092.0
88190.0
44472.0
17529.0
13946.0
95986.0
54625.0
19794.0
24244.0
35345.0
31046.0
13682.0
1116.0
84950.0
40901.0
87474.0
91509.0
54706.0
46470.0
79934.0
34777.0
89716.0
32025.0
98802.0
77352.0
53876.0
71067.0
86196.0
4894.0
7581.0
33304.0
47117.0
98494.0
65973.0
49418.0
53125.0
2698.0
21290.0
85343.0
66938.0
82613.0
986.0
73368.0
66845.0
22319.0
26079.0
9326.0
39145.0
2079.0
63253.0
59600.0
85376.0
11568.0
52874.0
41831.0
65252.0
99522.0
90401.0
10170.0
98063.0
37729.0
49698.0
15277.0
48496.0
31251.0
8481.0
26468.0
43363.0
18154.0
87786.0
3110.0
7499.0
84825.0
59846.0
96541.0
52366.0
31204.0
16301.0
35033.0
90989.0
17456.0
64072.0
46260.0
52735.0
81369.0
40193.0
85008.0
9161.0
87906.0
6698.0
97277.0
11452.0
39399.0
29510.0
69175.0
70762.0
62703.0
64632.0
65131.0
97286.0
41693.0
60262.0
86170.0
63320.0
10470.0
74697.0
17143.0
60506.0
75933.0
83892.0
30090.0
26995.0
51113.0
67423.0
47095.0
47437.0
30264.0
32079.0
4600.0
25876.0
30157.0
72227.0
20487.0
97901.0
11092.0
85341.0
7672.0
24144.0
10103.0
43115.0
69987.0
59012.0
53545.0
12434.0
85311.0
45398.0
88223.0
40822.0
64458.0
33270.0
21183.0
1352.0
51269.0
54894.0
42320.0
17261.0
74812.0
8959.0
70417.0
95398.0
21700.0
49497.0
8549.0
50945.0
75804.0
90839.0
57900.0
65020.0
20950.0
17269.0
88910.0
84081.0
93647.0
45776.0
94704.0
92482.0
70234.0
55384.0
49672.0
32706.0
6107.0
96340.0
13773.0
34430.0
55310.0
87634.0
7176.0
57414.0
83016.0
61225.0
85575.0
18652.0
61142.0
47629.0
82576.0
74840.0
39138.0
18766.0
21171.0
27829.0
3540.0
69582.0
77624.0
95196.0
15284.0
62685.0
64183.0
39723.0
2733.0
48979.0
8838.0
12513.0
99981.0
39977.0
68141.0
41577.0
30922.0
9300.0
18101.0
31168.0
67871.0
14655.0
62687.0
54724.0
91283.0
14339.0
98962.0
60860.0
35514.0
68998.0
99724.0
82270.0
28821.0
97358.0
61849.0
44865.0
31701.0
27200.0
53153.0
81663.0
94877.0
53978.0
41916.0
52870.0
50789.0
26537.0
24161.0
59996.0
20411.0
27687.0
66172.0
94445.0
38756.0
23060.0
509.0
96691.0
68736.0
88688.0
92941.0
2368.0
80043.0
58387.0
50812.0
48618.0
65823.0
88105.0
19542.0
36179.0
59383.0
43277.0
30772.0
65844.0
75759.0
50209.0
56238.0
54150.0
7367.0
65191.0
92110.0
5645.0
32518.0
13216.0
2848.0
62402.0
36219.0
64894.0
20677.0
63099.0
29887.0
89703.0
62247.0
87641.0
3510.0
98121.0
94407.0
91885.0
43669.0
32212.0
34546.0
5319.0
3805.0
79577.0
34194.0
39357.0
43237.0
34941.0
44992.0
92405.0
46358.0
80569.0
4568.0
81839.0
61231.0
67890.0
95365.0
35026.0
35273.0
66768.0
8603.0
28882.0
71029.0
9629.0
83299.0
40058.0
47842.0
81851.0
99121.0
44987.0
41979.0
92034.0
51313.0
33393.0
34060.0
66518.0
92032.0
12206.0
75204.0
88545.0
78327.0
12742.0
51382.0
44818.0
69922.0
79799.0
81339.0
53553.0
65295.0
23442.0
79634.0
47549.0
4002.0
16682.0
26215.0
56324.0
87525.0
21816.0
44305.0
86143.0
55101.0
69609.0
43380.0
62824.0
92504.0
50021.0
61223.0
13753.0
70242.0
17404.0
7601.0
54562.0
67638.0
86062.0
25741.0
9253.0
16466.0
89687.0
97132.0
15602.0
55235.0
73462.0
21433.0
55674.0
21247.0
53945.0
48183.0
4883.0
39634.0
41095.0
98055.0
10599.0
43024.0
23625.0
32102.0
54745.0
66826.0
32118.0
38387.0
62837.0
35099.0
42329.0
6542.0
21907.0
97058.0
94881.0
66012.0
44712.0
56330.0
72773.0
20679.0
62216.0
27716.0
53362.0
2563.0
12572.0
88534.0
52050.0
23499.0
47451.0
98029.0
90042.0
2601.0
30313.0
75598.0
98929.0
69140.0
48489.0
56107.0
47256.0
80788.0
78560.0
36721.0
18459.0
41793.0
88776.0
9885.0
66162.0
38377.0
16077.0
56367.0
22068.0
85009.0
61064.0
28726.0
40793.0
12563.0
12821.0
96747.0
87689.0
37925.0
70515.0
93530.0
2566.0
46138.0
86103.0
18811.0
18644.0
78914.0
55629.0
76255.0
90337.0
58541.0
71693.0
93318.0
18836.0
66924.0
75862.0
16941.0
31350.0
32184.0
18345.0
43332.0
73399.0
35916.0
55045.0
96030.0
24863.0
53549.0
14074.0
3618.0
6291.0
43307.0
44844.0
2814.0
8351.0
15103.0
39910.0
32859.0
84614.0
16276.0
3512.0
35691.0
13891.0
56642.0
15119.0
32479.0
30266.0
20949.0
8688.0
56085.0
53537.0
14348.0
59440.0
85199.0
84837.0
27870.0
44563.0
19519.0
38170.0
79799.0
3839.0
80286.0
76738.0
27519.0
77500.0
43932.0
26809.0
34876.0
33386.0
78353.0
35227.0
24878.0
57599.0
47538.0
53586.0
76760.0
54908.0
78463.0
80416.0
36639.0
12779.0
90010.0
10758.0
79242.0
71863.0
55826.0
48303.0
80297.0
41671.0
9885.0
56828.0
15443.0
52248.0
93028.0
844.0
47559.0
94742.0
50200.0
53479.0
13364.0
11639.0
74914.0
4455.0
28724.0
35637.0
75768.0
63716.0
57235.0
98406.0
49356.0
61659.0
52077.0
61594.0
24382.0
1146.0
15765.0
58512.0
92114.0
7914.0
54323.0
23444.0
4860.0
93977.0
59397.0
76281.0
33048.0
8708.0
85830.0
15919.0
29686.0
88253.0
52555.0
82881.0
26930.0
58527.0
94954.0
24686.0
67810.0
47883.0
98390.0
31874.0
67528.0
55101.0
28901.0
55537.0
96967.0
67728.0
37202.0
45327.0
69107.0
90379.0
24478.0
22639.0
81889.0
30471.0
86642.0
73622.0
94013.0
76125.0
2271.0
12986.0
39547.0
6993.0
44710.0
94172.0
97925.0
80981.0
82644.0
24575.0
19219.0
14139.0
91589.0
31493.0
94424.0
2300.0
8362.0
70085.0
1561.0
77790.0
10021.0
4586.0
98392.0
23876.0
68976.0
66635.0
59311.0
55384.0
36733.0
84322.0
81305.0
58702.0
60632.0
8172.0
9482.0
54837.0
40297.0
43068.0
21278.0
4543.0
79190.0
26908.0
77647.0
29098.0
2661.0
69313.0
29600.0
79050.0
6783.0
49449.0
3030.0
9301.0
96400.0
34068.0
97287.0
23723.0
7787.0
57436.0
38570.0
25472.0
31371.0
89395.0
21838.0
49896.0
97748.0
91864.0
83815.0
53982.0
47735.0
38069.0
26850.0
91376.0
71764.0
20503.0
26042.0
43658.0
26362.0
79883.0
1379.0
49565.0
65194.0
38546.0
83396.0
53548.0
30298.0
57824.0
46722.0
30035.0
22805.0
47127.0
49399.0
36341.0
13791.0
2619.0
1825.0
55776.0
36151.0
94994.0
59862.0
29375.0
4885.0
45914.0
34774.0
40028.0
6354.0
48742.0
90681.0
85007.0
95207.0
40055.0
87175.0
53544.0
72942.0
76851.0
82790.0
28597.0
3461.0
64580.0
85326.0
95824.0
11345.0
87087.0
36025.0
45257.0
66270.0
66576.0
41590.0
10059.0
72388.0
47055.0
44924.0
34413.0
16934.0
2145.0
34331.0
13719.0
65525.0
11581.0
28431.0
54831.0
24753.0
23928.0
43662.0
26463.0
9007.0
12320.0
34976.0
90725.0
39701.0
51378.0
28687.0
10743.0
5378.0
9145.0
15540.0
20144.0
49452.0
9188.0
80080.0
38556.0
41377.0
41442.0
62396.0
94556.0
82383.0
12284.0
44472.0
6006.0
51999.0
1231.0
86016.0
75548.0
82427.0
38276.0
99325.0
36407.0
95665.0
44494.0
99639.0
5743.0
42639.0
23104.0
88328.0
24314.0
53038.0
76712.0
91756.0
94944.0
87084.0
20844.0
29141.0
14854.0
40113.0
66303.0
89082.0
32703.0
85427.0
12512.0
28591.0
29675.0
70837.0
98864.0
58640.0
59114.0
39978.0
84046.0
71320.0
1282.0
98775.0
73200.0
5582.0
54761.0
66295.0
95360.0
50462.0
73999.0
73400.0
4337.0
24870.0
63722.0
37986.0
41084.0
88423.0
14464.0
62008.0
46491.0
61755.0
14379.0
9143.0
22849.0
5414.0
95852.0
70267.0
23221.0
86020.0
76687.0
67713.0
47401.0
99426.0
8118.0
7719.0
72667.0
56105.0
79716.0
91856.0
55111.0
89045.0
78153.0
580.0
96295.0
91205.0
64805.0
64371.0
16808.0
31946.0
94779.0
72346.0
47242.0
45730.0
5491.0
31422.0
76179.0
97790.0
45260.0
30166.0
72945.0
13183.0
30716.0
12357.0
16843.0
33248.0
12741.0
98436.0
7714.0
14477.0
14295.0
59999.0
55497.0
2129.0
64636.0
19350.0
766.0
62285.0
7427.0
21987.0
70052.0
84228.0
22572.0
59771.0
41790.0
92819.0
86381.0
10893.0
7082.0
95838.0
22527.0
60136.0
86232.0
6918.0
46152.0
49402.0
46214.0
54742.0
39653.0
23282.0
40762.0
15101.0
40148.0
29511.0
37594.0
18998.0
84444.0
91953.0
5067.0
12354.0
66393.0
77429.0
69988.0
55480.0
43656.0
83615.0
22478.0
39282.0
27499.0
70056.0
81914.0
39753.0
84409.0
59702.0
96095.0
20635.0
15013.0
53667.0
45679.0
21288.0
15113.0
33045.0
46325.0
23965.0
75664.0
69452.0
68110.0
46951.0
77341.0
23611.0
59041.0
90505.0
90331.0
30926.0
81787.0
80841.0
34657.0
58890.0
59435.0
31524.0
68545.0
66514.0
55991.0
610.0
20238.0
22693.0
51994.0
45700.0
41832.0
42468.0
67642.0
76794.0
14886.0
94961.0
69162.0
24785.0
8286.0
81396.0
20377.0
85097.0
86035.0
6647.0
57748.0
6789.0
41468.0
51825.0
19711.0
51388.0
78733.0
6304.0
21003.0
6252.0
79365.0
83439.0
22965.0
48142.0
69811.0
38327.0
53435.0
31300.0
26117.0
20642.0
84156.0
66991.0
45198.0
10186.0
4362.0
17950.0
75731.0
55200.0
24110.0
99808.0
26131.0
81289.0
17721.0
82938.0
50897.0
84963.0
9763.0
36597.0
8927.0
56293.0
5250.0
63790.0
40648.0
20708.0
54823.0
98257.0
37146.0
1906.0
51832.0
21600.0
45679.0
51008.0
81286.0
22764.0
40247.0
39845.0
72044.0
65287.0
72515.0
52983.0
54691.0
14352.0
70032.0
95221.0
47107.0
66125.0
89005.0
18791.0
23866.0
76567.0
73579.0
50781.0
86050.0
66927.0
86273.0
88917.0
88803.0
16719.0
72761.0
87608.0
27845.0
61435.0
62523.0
22916.0
24847.0
29429.0
58323.0
17956.0
63041.0
47632.0
58209.0
10266.0
93098.0
9245.0
68382.0
47103.0
43975.0
92865.0
65862.0
91682.0
23609.0
18536.0
18438.0
33548.0
68386.0
43602.0
20162.0
22309.0
84795.0
67979.0
95203.0
79.0
38869.0
88473.0
74876.0
15407.0
94026.0
33230.0
27192.0
87404.0
97439.0
31741.0
23714.0
83568.0
59961.0
22314.0
3697.0
76011.0
84728.0
44890.0
32301.0
10935.0
8212.0
6794.0
43650.0
3735.0
11027.0
69851.0
60192.0
59992.0
29669.0
50986.0
3116.0
69881.0
9308.0
90142.0
46503.0
72935.0
2731.0
99195.0
88089.0
90081.0
86809.0
2835.0
90074.0
47867.0
67426.0
92188.0
97885.0
53085.0
77163.0
77181.0
43673.0
59019.0
72064.0
65954.0
93813.0
8896.0
20075.0
54702.0
85551.0
80659.0
81267.0
18512.0
73737.0
27740.0
23695.0
50799.0
29328.0
93936.0
72485.0
22559.0
25450.0
47367.0
40100.0
55541.0
50844.0
22271.0
96090.0
50551.0
35606.0
86394.0
69043.0
1484.0
89692.0
12514.0
84719.0
37619.0
53713.0
99308.0
31902.0
54384.0
450.0
20058.0
57434.0
46977.0
51916.0
24539.0
44353.0
94479.0
81579.0
33837.0
60334.0
26143.0
40544.0
76547.0
27955.0
34120.0
14301.0
80161.0
58933.0
25119.0
8817.0
28004.0
4964.0
58349.0
5195.0
15583.0
94934.0
61347.0
28076.0
91007.0
97759.0
92260.0
48462.0
43856.0
46478.0
55200.0
78411.0
93625.0
1095.0
1538.0
28299.0
49859.0
20056.0
25759.0
63661.0
99447.0
21499.0
80142.0
20017.0
38468.0
70183.0
58679.0
40672.0
25088.0
73331.0
62884.0
14297.0
31558.0
91752.0
90772.0
28889.0
90078.0
39554.0
69710.0
43206.0
70554.0
33731.0
61075.0
4920.0
77116.0
70868.0
55468.0
50085.0
45781.0
52985.0
18051.0
93863.0
85128.0
20367.0
64045.0
40811.0
80493.0
35780.0
87908.0
67097.0
75122.0
81491.0
71731.0
35323.0
83644.0
56923.0
21323.0
28493.0
89195.0
94716.0
68275.0
607.0
64251.0
29421.0
16092.0
17577.0
29095.0
45788.0
96306.0
67020.0
25800.0
41187.0
48942.0
59041.0
3035.0
77219.0
73192.0
91776.0
23264.0
83360.0
21898.0
97711.0
27006.0
73817.0
7424.0
90213.0
57381.0
56130.0
71340.0
52954.0
27307.0
12096.0
11926.0
69261.0
77464.0
79936.0
81568.0
61649.0
31869.0
42068.0
85975.0
79765.0
15647.0
88491.0
91941.0
3535.0
42898.0
7724.0
51108.0
41028.0
3968.0
28303.0
29517.0
81590.0
82505.0
45240.0
53006.0
21867.0
90340.0
37904.0
72890.0
43094.0
74403.0
87906.0
33179.0
64260.0
67572.0
31343.0
29890.0
11172.0
87236.0
79087.0
33055.0
76916.0
89023.0
25637.0
5164.0
81605.0
45106.0
64317.0
93219.0
43882.0
59986.0
97540.0
79313.0
72514.0
45493.0
12196.0
54978.0
32320.0
74525.0
56891.0
83291.0
4851.0
41045.0
36343.0
52166.0
80887.0
24948.0
74416.0
5704.0
21559.0
89983.0
19490.0
43951.0
97628.0
32363.0
23269.0
47271.0
25623.0
30528.0
62731.0
26476.0
29703.0
93401.0
5781.0
2713.0
64456.0
57063.0
79026.0
78271.0
81688.0
31541.0
88437.0
55377.0
25415.0
82183.0
67538.0
74012.0
62715.0
11196.0
78390.0
44820.0
25244.0
9106.0
41056.0
84426.0
58626.0
80328.0
54591.0
74009.0
5658.0
91742.0
88649.0
61824.0
12175.0
98297.0
22196.0
91530.0
41019.0
5476.0
30965.0
73321.0
55113.0
13040.0
12820.0
63073.0
98821.0
43963.0
65608.0
50112.0
65923.0
25422.0
86100.0
36715.0
79497.0
67617.0
89725.0
67540.0
56602.0
69497.0
45735.0
26376.0
12832.0
67378.0
40779.0
99748.0
68597.0
21591.0
7767.0
22536.0
47950.0
29518.0
53410.0
7748.0
25061.0
59473.0
29162.0
20303.0
99073.0
33751.0
57676.0
26902.0
94372.0
95089.0
67039.0
28401.0
40913.0
46416.0
64398.0
68305.0
16760.0
84803.0
61328.0
64790.0
99487.0
26910.0
70406.0
4893.0
57070.0
17463.0
57552.0
47159.0
95959.0
58346.0
45068.0
61076.0
65281.0
18717.0
4396.0
35070.0
79088.0
4221.0
99347.0
71107.0
49138.0
15015.0
13547.0
2698.0
39240.0
37699.0
48294.0
32038.0
14863.0
54986.0
28720.0
45832.0
30538.0
38568.0
57357.0
86574.0
90126.0
90044.0
64564.0
75546.0
84713.0
95677.0
59271.0
85950.0
74576.0
37463.0
50030.0
75123.0
82564.0
9715.0
53039.0
17065.0
63264.0
92724.0
29517.0
36249.0
96130.0
87838.0
72090.0
40246.0
147.0
6193.0
60921.0
14177.0
85973.0
80403.0
31509.0
32028.0
28008.0
25931.0
55863.0
76694.0
9977.0
93289.0
2696.0
46853.0
56007.0
79780.0
19492.0
70674.0
1811.0
7484.0
64535.0
8782.0
67331.0
40061.0
94935.0
44515.0
12403.0
24389.0
90909.0
8581.0
69722.0
66492.0
38337.0
15079.0
78324.0
54594.0
16241.0
74474.0
59217.0
31303.0
33901.0
36463.0
39097.0
63220.0
13186.0
59918.0
69434.0
2087.0
98690.0
75871.0
79312.0
49435.0
81436.0
96758.0
44015.0
73030.0
21054.0
39212.0
12816.0
5276.0
60387.0
87608.0
13014.0
44880.0
36378.0
9468.0
88571.0
73851.0
50133.0
86876.0
20828.0
80885.0
71850.0
2729.0
36926.0
68576.0
64170.0
10235.0
6780.0
38949.0
84443.0
18270.0
4302.0
20662.0
71733.0
94947.0
76983.0
76146.0
3413.0
43800.0
10283.0
52103.0
73761.0
30226.0
44187.0
77553.0
62809.0
25957.0
96895.0
69281.0
45078.0
23094.0
4191.0
31257.0
14178.0
2888.0
29277.0
16563.0
62643.0
86610.0
42530.0
10689.0
72485.0
76242.0
24164.0
99280.0
627.0
76155.0
21488.0
22182.0
59826.0
66698.0
80442.0
72938.0
69098.0
47447.0
80703.0
65026.0
42866.0
62630.0
68339.0
39543.0
91815.0
68380.0
2283.0
82486.0
84041.0
62959.0
47625.0
13776.0
55506.0
26519.0
70464.0
27360.0
16979.0
22369.0
28803.0
46700.0
5580.0
13090.0
71182.0
40069.0
808.0
69031.0
68240.0
41.0
44723.0
59755.0
48212.0
76520.0
44921.0
13155.0
47787.0
66755.0
83645.0
55507.0
55031.0
6000.0
24850.0
2819.0
27702.0
40058.0
49593.0
78508.0
68457.0
61702.0
48664.0
65837.0
2688.0
2864.0
49747.0
37722.0
30276.0
72788.0
5098.0
22803.0
24993.0
88136.0
59247.0
58835.0
49838.0
79782.0
86626.0
22559.0
28091.0
77448.0
22155.0
39294.0
74645.0
17004.0
52435.0
49384.0
40280.0
86519.0
21823.0
27639.0
47634.0
36694.0
66409.0
77178.0
17168.0
62847.0
20797.0
82793.0
80039.0
50710.0
40206.0
61714.0
42881.0
7499.0
12755.0
44754.0
23427.0
87233.0
1729.0
85567.0
94807.0
35690.0
8421.0
69474.0
99738.0
49613.0
74078.0
5794.0
61379.0
75626.0
92085.0
50939.0
64175.0
33044.0
18203.0
75534.0
4902.0
91133.0
57181.0
7026.0
1579.0
69392.0
89926.0
7944.0
34373.0
64887.0
90577.0
22572.0
65061.0
60252.0
36426.0
41895.0
7603.0
13965.0
28800.0
72897.0
60281.0
74648.0
48968.0
7732.0
52652.0
81942.0
88145.0
54140.0
48179.0
9381.0
41088.0
52971.0
92821.0
82670.0
90856.0
33305.0
43907.0
82821.0
10535.0
24280.0
63807.0
53870.0
71872.0
45477.0
93384.0
80732.0
68016.0
12219.0
43811.0
14452.0
80911.0
34081.0
27944.0
20145.0
33766.0
86692.0
35910.0
51297.0
55047.0
74911.0
11539.0
60621.0
23245.0
6614.0
17203.0
30774.0
64625.0
92579.0
46404.0
70298.0
8422.0
25863.0
69189.0
47477.0
71857.0
46274.0
43713.0
80772.0
60649.0
82046.0
29596.0
49829.0
43271.0
85094.0
87960.0
52763.0
22410.0
2132.0
94180.0
49518.0
40170.0
10759.0
91106.0
3503.0
74070.0
44307.0
46324.0
5336.0
64044.0
44243.0
57506.0
35122.0
99221.0
48089.0
72618.0
56720.0
10491.0
66342.0
19300.0
5049.0
55943.0
77205.0
15025.0
58115.0
81339.0
42834.0
81920.0
94619.0
65385.0
96937.0
63132.0
82561.0
57390.0
19096.0
34390.0
53135.0
50991.0
79846.0
36170.0
90714.0
44078.0
33069.0
26032.0
56786.0
21097.0
45202.0
79042.0
94948.0
335.0
9430.0
8869.0
510.0
66111.0
36293.0
69462.0
11634.0
2880.0
90251.0
88434.0
99124.0
54295.0
5414.0
52801.0
42430.0
41352.0
7383.0
24321.0
92115.0
92396.0
69042.0
26443.0
66623.0
3018.0
60981.0
1315.0
60509.0
27638.0
8566.0
98241.0
42675.0
44515.0
89140.0
24823.0
85912.0
5734.0
74735.0
90047.0
41782.0
29608.0
54004.0
42019.0
47787.0
18600.0
86481.0
25096.0
59081.0
17323.0
26247.0
44663.0
45116.0
11072.0
37244.0
69609.0
30475.0
81973.0
77136.0
77039.0
42168.0
85839.0
82920.0
55131.0
52835.0
19274.0
35846.0
42319.0
17867.0
73198.0
94874.0
94016.0
25203.0
67210.0
26065.0
22566.0
38723.0
83887.0
72908.0
1603.0
43525.0
90091.0
56460.0
49901.0
17136.0
6337.0
9320.0
67546.0
80963.0
48098.0
46369.0
9287.0
8679.0
88298.0
69613.0
21413.0
70966.0
84857.0
48239.0
42657.0
83898.0
89036.0
73192.0
76942.0
85773.0
11767.0
7.0
66672.0
30720.0
98914.0
14940.0
43528.0
4216.0
68573.0
78762.0
28599.0
51667.0
54913.0
34874.0
57585.0
75785.0
85157.0
72428.0
74528.0
39181.0
54138.0
42281.0
88370.0
63121.0
30051.0
51476.0
90240.0
44841.0
82036.0
26271.0
3867.0
74345.0
52678.0
49337.0
49557.0
58888.0
85812.0
72677.0
45577.0
56517.0
60405.0
90374.0
2057.0
66984.0
55094.0
17814.0
38850.0
34274.0
531.0
34166.0
42062.0
63566.0
89426.0
36927.0
59125.0
44249.0
28701.0
38328.0
81153.0
69661.0
17786.0
1057.0
15421.0
49833.0
77384.0
87819.0
37896.0
75037.0
42712.0
84586.0
85628.0
36272.0
63878.0
2467.0
34678.0
65204.0
96818.0
2783.0
31649.0
97810.0
57791.0
5442.0
80740.0
61807.0
9288.0
17973.0
98404.0
77808.0
11642.0
78559.0
74359.0
85018.0
73106.0
98578.0
66823.0
83346.0
74483.0
37250.0
82430.0
61539.0
38723.0
86672.0
88340.0
90110.0
84580.0
17029.0
63283.0
70395.0
37866.0
51482.0
79043.0
541.0
42078.0
40820.0
98391.0
29684.0
50318.0
85997.0
19986.0
43164.0
19790.0
80493.0
12759.0
4675.0
54799.0
85496.0
67405.0
67432.0
38650.0
48288.0
10411.0
47903.0
59434.0
91419.0
26309.0
53489.0
98435.0
88464.0
1651.0
52032.0
55027.0
77739.0
44987.0
65191.0
16451.0
79568.0
50106.0
99904.0
40921.0
77804.0
64372.0
59744.0
5358.0
37159.0
57685.0
701.0
46055.0
71797.0
67491.0
82959.0
22994.0
90380.0
63491.0
6484.0
28415.0
64559.0
20708.0
7374.0
53912.0
44457.0
51435.0
64935.0
66783.0
3286.0
5596.0
27413.0
78338.0
11675.0
44642.0
93144.0
53149.0
59126.0
46844.0
77087.0
79629.0
73680.0
66085.0
76523.0
80812.0
96462.0
29437.0
32748.0
76878.0
45671.0
97081.0
79847.0
46551.0
49040.0
61219.0
37113.0
6167.0
40627.0
53711.0
89013.0
49219.0
39582.0
22524.0
81449.0
57904.0
98648.0
70627.0
62847.0
4910.0
9646.0
63040.0
38015.0
76160.0
81132.0
62906.0
14482.0
80372.0
26439.0
64272.0
52961.0
31171.0
92150.0
61633.0
56443.0
40070.0
83041.0
43704.0
35350.0
90354.0
78226.0
94067.0
18189.0
23442.0
41289.0
40270.0
25416.0
49216.0
5387.0
51697.0
49818.0
14752.0
33370.0
81267.0
93219.0
60537.0
49759.0
72520.0
21461.0
65137.0
96292.0
32366.0
91251.0
85316.0
19710.0
27153.0
77941.0
59104.0
67080.0
76214.0
27273.0
8640.0
37387.0
86698.0
85620.0
17986.0
2137.0
16551.0
9654.0
32391.0
3193.0
76159.0
46924.0
39719.0
94012.0
92328.0
68846.0
73807.0
23246.0
96293.0
52792.0
16024.0
13992.0
31725.0
11719.0
9125.0
88259.0
89627.0
92985.0
70489.0
92455.0
849.0
5302.0
7314.0
55169.0
57321.0
68910.0
53670.0
69618.0
9305.0
48216.0
79480.0
83844.0
33570.0
8186.0
96599.0
10329.0
97045.0
38342.0
2324.0
1404.0
49187.0
99649.0
39933.0
5496.0
28288.0
84863.0
13691.0
84167.0
89875.0
11786.0
15556.0
82306.0
87741.0
35170.0
51262.0
4696.0
74275.0
97022.0
88977.0
7738.0
15001.0
20848.0
69576.0
44819.0
13261.0
18919.0
53668.0
60116.0
16686.0
63630.0
34108.0
14861.0
91575.0
38354.0
21364.0
60056.0
26683.0
576.0
35129.0
53360.0
59598.0
21613.0
78519.0
16031.0
75694.0
87791.0
88535.0
66260.0
94797.0
57320.0
49529.0
56563.0
28988.0
38116.0
234.0
36519.0
7893.0
59320.0
34753.0
42259.0
57445.0
89610.0
25275.0
29926.0
87380.0
43183.0
78097.0
45132.0
99347.0
69903.0
54740.0
47201.0
18208.0
54053.0
7269.0
44288.0
35897.0
77122.0
44978.0
86938.0
59483.0
53362.0
89136.0
76323.0
22549.0
76886.0
44594.0
96998.0
95310.0
59920.0
81220.0
82040.0
32432.0
75294.0
16486.0
94634.0
8367.0
59197.0
82888.0
7576.0
5146.0
66190.0
33887.0
95966.0
25789.0
29526.0
22753.0
56554.0
14992.0
74752.0
41666.0
30285.0
34624.0
42685.0
67660.0
53708.0
45784.0
48140.0
88468.0
46803.0
27308.0
54260.0
40735.0
45448.0
88641.0
60013.0
95953.0
29437.0
11932.0
7743.0
27597.0
11711.0
68262.0
69475.0
48814.0
15244.0
6968.0
71814.0
99008.0
22913.0
33929.0
61291.0
44284.0
10769.0
70033.0
63727.0
7615.0
9074.0
43417.0
35144.0
94886.0
89554.0
43874.0
39783.0
95719.0
11207.0
54958.0
2749.0
45167.0
26371.0
85166.0
35642.0
98612.0
78150.0
28329.0
68496.0
58422.0
83310.0
63622.0
30646.0
35543.0
37449.0
18999.0
89097.0
51667.0
74891.0
4738.0
89900.0
4062.0
443.0
14669.0
80304.0
48601.0
90887.0
98116.0
66766.0
73297.0
86392.0
29738.0
3697.0
96596.0
76513.0
76890.0
11506.0
47536.0
26801.0
67193.0
15003.0
41162.0
89800.0
22011.0
76204.0
78360.0
35877.0
35822.0
14492.0
30748.0
14206.0
53574.0
5495.0
78653.0
61097.0
36998.0
75078.0
44419.0
26647.0
68296.0
2765.0
40207.0
30721.0
42249.0
17197.0
57749.0
73210.0
95956.0
14794.0
24119.0
22500.0
74217.0
88519.0
42879.0
4414.0
72522.0
67084.0
53464.0
82075.0
55522.0
59562.0
92553.0
88558.0
43538.0
28885.0
70608.0
50337.0
81082.0
98576.0
59255.0
94981.0
86208.0
10631.0
32054.0
4292.0
98976.0
95957.0
14501.0
74418.0
32112.0
94022.0
33371.0
72002.0
39150.0
42327.0
81192.0
64085.0
9256.0
57466.0
14411.0
96141.0
9384.0
92501.0
98257.0
52287.0
31034.0
19177.0
4555.0
37831.0
26139.0
93809.0
29642.0
79446.0
65249.0
67457.0
49274.0
78726.0
23905.0
42989.0
35384.0
77294.0
43137.0
95691.0
9649.0
74544.0
32602.0
61809.0
9881.0
85840.0
45865.0
45048.0
84101.0
82176.0
8402.0
86595.0
38981.0
23350.0
83345.0
1240.0
11649.0
84767.0
82847.0
25324.0
63919.0
94252.0
28478.0
62494.0
87439.0
2570.0
49090.0
47673.0
85955.0
50001.0
62651.0
47901.0
62093.0
43890.0
14082.0
56824.0
5223.0
92467.0
29344.0
23597.0
32634.0
99479.0
98486.0
32342.0
62011.0
2582.0
59244.0
72294.0
13096.0
42252.0
45530.0
7207.0
47291.0
96877.0
89196.0
3298.0
87112.0
11862.0
66485.0
58462.0
44121.0
75775.0
8788.0
14687.0
4324.0
27340.0
93051.0
28079.0
81509.0
98467.0
31970.0
27195.0
9149.0
84408.0
17031.0
60916.0
87111.0
72355.0
37471.0
43222.0
55059.0
30163.0
41246.0
12453.0
43201.0
13628.0
62335.0
2738.0
97915.0
47788.0
11824.0
76190.0
94735.0
56092.0
13533.0
86806.0
57384.0
83650.0
54008.0
71324.0
92040.0
79874.0
8482.0
44518.0
48100.0
30117.0
52441.0
55359.0
36540.0
59842.0
9757.0
79692.0
22325.0
80408.0
89920.0
70954.0
73109.0
70942.0
28362.0
39634.0
62138.0
19505.0
60710.0
84030.0
90552.0
55021.0
20237.0
47013.0
16813.0
59799.0
65421.0
4578.0
44835.0
47767.0
45877.0
77651.0
43969.0
84259.0
17600.0
20285.0
73422.0
65206.0
7259.0
41517.0
70659.0
80767.0
22997.0
14265.0
94476.0
68566.0
62594.0
14725.0
32699.0
21225.0
25932.0
12514.0
41512.0
42933.0
18134.0
17073.0
62153.0
55600.0
36334.0
31301.0
71114.0
93059.0
63983.0
83494.0
16778.0
55509.0
46416.0
75793.0
84626.0
85219.0
71405.0
9244.0
56146.0
15851.0
4336.0
74392.0
18777.0
42120.0
66075.0
33104.0
90512.0
79992.0
44980.0
43086.0
37684.0
24792.0
43149.0
15741.0
95983.0
72689.0
7759.0
63081.0
55666.0
85932.0
55812.0
96194.0
82513.0
70753.0
71614.0
58943.0
4699.0
36397.0
61926.0
23454.0
46740.0
90402.0
20324.0
82186.0
98800.0
4024.0
96456.0
49270.0
30799.0
74081.0
7156.0
79430.0
16880.0
20634.0
1254.0
14830.0
10931.0
35006.0
57157.0
92721.0
54574.0
75477.0
15175.0
32171.0
92331.0
57449.0
54524.0
47562.0
88093.0
91801.0
89179.0
60343.0
16350.0
33350.0
8711.0
17875.0
23270.0
4618.0
98558.0
85820.0
99754.0
82089.0
34398.0
57327.0
18766.0
14272.0
74452.0
37063.0
66088.0
75418.0
55939.0
26851.0
60371.0
47746.0
69485.0
88742.0
15052.0
27602.0
50848.0
60792.0
85965.0
13578.0
36480.0
38250.0
88420.0
69756.0
38413.0
95799.0
58735.0
71651.0
18577.0
49350.0
98262.0
53588.0
52648.0
56875.0
61636.0
54189.0
98380.0
55789.0
93284.0
79371.0
72764.0
54466.0
69012.0
33079.0
48873.0
49239.0
19240.0
35968.0
42877.0
63724.0
38558.0
2948.0
55784.0
44124.0
9210.0
53383.0
11688.0
99386.0
69854.0
53607.0
87156.0
3638.0
86919.0
6694.0
18821.0
33119.0
44038.0
55366.0
57122.0
18243.0
81945.0
76435.0
27974.0
5810.0
59686.0
69945.0
11440.0
41473.0
14931.0
72567.0
24039.0
83370.0
39461.0
9451.0
69736.0
39984.0
88820.0
70925.0
35534.0
33984.0
37895.0
92344.0
572.0
7347.0
25393.0
1922.0
34537.0
52816.0
32583.0
51405.0
98697.0
85134.0
53564.0
56182.0
79348.0
30839.0
29276.0
72779.0
72118.0
55529.0
47777.0
14970.0
51794.0
94134.0
31797.0
61412.0
28819.0
54731.0
90149.0
3088.0
28017.0
50061.0
86558.0
48636.0
36188.0
7103.0
45799.0
57422.0
84649.0
98656.0
25563.0
2312.0
16822.0
62962.0
89601.0
81018.0
9947.0
2613.0
5066.0
67026.0
53070.0
16786.0
81766.0
63950.0
32723.0
81908.0
59939.0
51890.0
95007.0
25136.0
83715.0
42869.0
66791.0
13189.0
42488.0
7958.0
51562.0
29694.0
9471.0
89548.0
62519.0
10453.0
20983.0
16090.0
57116.0
3602.0
43324.0
74274.0
94445.0
23920.0
79397.0
48304.0
70413.0
14497.0
3542.0
37015.0
30684.0
94024.0
34914.0
96793.0
45918.0
73124.0
99456.0
5280.0
83235.0
62636.0
52169.0
69994.0
52408.0
96949.0
83276.0
31297.0
20105.0
97553.0
56622.0
91400.0
34865.0
27442.0
6977.0
56209.0
2144.0
89644.0
20672.0
27019.0
62599.0
87481.0
84484.0
81785.0
19747.0
18774.0
8166.0
1310.0
68996.0
26570.0
97234.0
90484.0
84313.0
390.0
51748.0
71229.0
73146.0
70536.0
13793.0
88656.0
86546.0
35386.0
25589.0
26869.0
46406.0
13783.0
30180.0
18796.0
45766.0
54254.0
40911.0
91430.0
34992.0
83615.0
26022.0
61719.0
62075.0
83490.0
6180.0
11076.0
81862.0
31111.0
48779.0
7575.0
5597.0
68791.0
40413.0
40305.0
46437.0
39578.0
55636.0
11295.0
62502.0
18770.0
11070.0
51461.0
75730.0
16677.0
91769.0
35830.0
32341.0
22328.0
41543.0
45478.0
78811.0
39958.0
48238.0
61687.0
14232.0
80304.0
91695.0
89903.0
20664.0
56414.0
56576.0
53643.0
71876.0
9540.0
57640.0
70125.0
52589.0
36303.0
97623.0
82928.0
17593.0
62879.0
31168.0
17724.0
43751.0
48031.0
59348.0
91701.0
78112.0
58671.0
11963.0
79534.0
44636.0
71267.0
96305.0
51419.0
5614.0
30596.0
2140.0
67780.0
58382.0
56980.0
31365.0
15125.0
7169.0
58479.0
16826.0
88114.0
54182.0
76269.0
59455.0
76968.0
28991.0
48387.0
33741.0
54463.0
69146.0
16969.0
14856.0
96427.0
7291.0
57943.0
42816.0
30370.0
51913.0
31977.0
55620.0
32328.0
67314.0
26178.0
14653.0
62597.0
5595.0
60108.0
77647.0
60921.0
35975.0
39997.0
71719.0
43238.0
79747.0
63093.0
51648.0
64555.0
72172.0
10500.0
88761.0
13105.0
6462.0
38345.0
4331.0
37597.0
65787.0
62804.0
73801.0
10534.0
20308.0
97261.0
68409.0
95041.0
78390.0
56334.0
39273.0
88504.0
24852.0
79467.0
17679.0
92378.0
50284.0
82738.0
92066.0
78604.0
27257.0
99533.0
42447.0
4220.0
71061.0
41349.0
12440.0
20662.0
12137.0
32096.0
19087.0
83983.0
18770.0
29003.0
5259.0
75999.0
40849.0
39571.0
24453.0
74764.0
29872.0
31724.0
2226.0
74465.0
13036.0
52053.0
39836.0
32221.0
16867.0
14803.0
4767.0
64200.0
96539.0
95769.0
35165.0
2177.0
83981.0
85321.0
36031.0
82994.0
85900.0
71637.0
52041.0
26053.0
95926.0
37086.0
31705.0
95920.0
14198.0
89662.0
71516.0
35595.0
91699.0
75904.0
61164.0
258.0
26264.0
749.0
72873.0
88582.0
52225.0
98498.0
93299.0
2654.0
61631.0
2268.0
3457.0
52348.0
30760.0
64118.0
10178.0
23594.0
92926.0
92265.0
50862.0
33570.0
87834.0
18354.0
68071.0
60669.0
65173.0
56626.0
50833.0
85379.0
79155.0
13711.0
24971.0
59041.0
27500.0
7703.0
62538.0
39737.0
3224.0
93636.0
15473.0
46067.0
53814.0
5275.0
20654.0
97970.0
90234.0
29327.0
2995.0
21729.0
43121.0
64963.0
62608.0
86571.0
39090.0
76492.0
14250.0
75626.0
38882.0
87124.0
99482.0
52216.0
73188.0
10907.0
23748.0
39233.0
58459.0
23992.0
61522.0
97722.0
95389.0
62270.0
92045.0
49386.0
66359.0
97817.0
28792.0
5638.0
4311.0
75544.0
48169.0
38939.0
34810.0
97508.0
28036.0
54244.0
94450.0
58030.0
18005.0
78780.0
58643.0
14440.0
28746.0
26093.0
54682.0
61641.0
97835.0
98375.0
30458.0
61172.0
87159.0
21580.0
86885.0
85618.0
99196.0
85800.0
22772.0
11451.0
5490.0
62814.0
3379.0
1140.0
55957.0
93949.0
4620.0
31795.0
30910.0
98129.0
39822.0
83902.0
37821.0
38422.0
81850.0
95793.0
71252.0
78536.0
45449.0
74334.0
87955.0
39958.0
45213.0
84526.0
90571.0
93140.0
6499.0
422.0
17393.0
67855.0
15810.0
60005.0
15794.0
34940.0
89219.0
60393.0
25165.0
42282.0
10940.0
19410.0
13330.0
55926.0
47227.0
97118.0
36821.0
96668.0
13867.0
25011.0
18574.0
12779.0
61286.0
74556.0
46288.0
65874.0
83640.0
20907.0
30051.0
80790.0
50155.0
87740.0
45761.0
10469.0
75412.0
74874.0
14698.0
47909.0
70073.0
46906.0
46949.0
36998.0
70750.0
97189.0
84435.0
33270.0
80011.0
6132.0
80401.0
25779.0
9179.0
15220.0
62186.0
10203.0
22692.0
89992.0
79478.0
64543.0
69886.0
19214.0
37652.0
27414.0
90353.0
44698.0
92959.0
50606.0
25631.0
85022.0
34640.0
13789.0
38763.0
35691.0
46063.0
63317.0
80965.0
19025.0
73111.0
10710.0
54868.0
24194.0
46694.0
93822.0
10430.0
75125.0
73949.0
7291.0
77655.0
99559.0
63514.0
91009.0
7139.0
41819.0
6352.0
9975.0
13322.0
74082.0
17216.0
61676.0
19543.0
59606.0
21782.0
12711.0
52012.0
40192.0
64898.0
34236.0
78694.0
73178.0
6769.0
5818.0
27625.0
42766.0
73447.0
28673.0
56488.0
53437.0
89947.0
99665.0
31155.0
84731.0
90544.0
17309.0
74205.0
57688.0
86796.0
76095.0
85448.0
9722.0
40983.0
53541.0
14095.0
73285.0
93745.0
21801.0
52816.0
93373.0
48463.0
78270.0
31285.0
39491.0
58036.0
86982.0
54078.0
27962.0
99497.0
42304.0
66764.0
44173.0
3033.0
80415.0
70380.0
59498.0
36619.0
74806.0
55486.0
33734.0
90140.0
99440.0
14721.0
90532.0
49336.0
52764.0
55645.0
19697.0
42357.0
63781.0
94028.0
11046.0
92300.0
73727.0
36357.0
99408.0
26325.0
73149.0
90951.0
7660.0
64671.0
84224.0
39839.0
61996.0
4009.0
19978.0
47606.0
18870.0
30559.0
81265.0
17274.0
80716.0
14932.0
30351.0
39559.0
88582.0
44760.0
19413.0
87186.0
65851.0
10678.0
53568.0
88626.0
13855.0
54861.0
71332.0
683.0
358.0
56489.0
19844.0
39192.0
10567.0
82269.0
73444.0
46581.0
58299.0
86239.0
13014.0
75142.0
84261.0
9153.0
12720.0
84743.0
24396.0
63751.0
99871.0
47248.0
2179.0
71210.0
9525.0
70053.0
1865.0
80456.0
15485.0
12152.0
95020.0
67397.0
14320.0
27163.0
74825.0
12482.0
58431.0
60102.0
79598.0
53624.0
77840.0
4865.0
9217.0
62417.0
68711.0
26991.0
51065.0
53348.0
58201.0
48887.0
20554.0
2123.0
64294.0
21648.0
86622.0
10914.0
6815.0
90824.0
84447.0
84798.0
96578.0
11697.0
83217.0
42920.0
67015.0
47944.0
13788.0
98805.0
19762.0
15556.0
90055.0
44547.0
33673.0
65144.0
29920.0
62994.0
49856.0
3524.0
80280.0
83740.0
86544.0
72286.0
26091.0
87058.0
41478.0
49433.0
48093.0
97621.0
18295.0
66351.0
22880.0
96686.0
36081.0
54481.0
34866.0
97131.0
86157.0
34823.0
9316.0
91670.0
45665.0
68485.0
54677.0
29011.0
34514.0
12205.0
89756.0
46773.0
73574.0
68283.0
77861.0
49630.0
63351.0
59410.0
79378.0
59890.0
53092.0
92096.0
44387.0
39063.0
55490.0
86832.0
60657.0
26347.0
80047.0
97452.0
50483.0
53953.0
18951.0
19308.0
71652.0
50649.0
84815.0
3679.0
71868.0
65787.0
74799.0
23061.0
22874.0
91280.0
58941.0
33320.0
85411.0
61021.0
61812.0
25733.0
24132.0
70365.0
5796.0
49178.0
30548.0
23162.0
44962.0
34973.0
32309.0
96360.0
17536.0
80118.0
24217.0
61150.0
80344.0
57258.0
78976.0
52626.0
60097.0
43430.0
22432.0
44207.0
44548.0
46692.0
39678.0
64469.0
70857.0
82077.0
24024.0
65134.0
74602.0
80459.0
53221.0
83273.0
98473.0
70906.0
94996.0
95092.0
8093.0
65226.0
83185.0
5498.0
96552.0
5699.0
1094.0
90551.0
67716.0
72374.0
3550.0
44596.0
51163.0
50796.0
27716.0
57220.0
33430.0
70734.0
33771.0
25274.0
78093.0
38927.0
98503.0
82212.0
86941.0
26298.0
1656.0
85512.0
50168.0
62067.0
91495.0
23737.0
72055.0
40877.0
97128.0
23126.0
96138.0
94568.0
32863.0
17535.0
93167.0
73188.0
35936.0
51477.0
19553.0
93126.0
92750.0
81933.0
96680.0
10022.0
71493.0
38193.0
87470.0
63667.0
72980.0
85844.0
50738.0
72836.0
57633.0
88271.0
72310.0
49755.0
94320.0
69820.0
31794.0
11064.0
36159.0
21390.0
92683.0
93304.0
39656.0
48651.0
34974.0
3623.0
3850.0
31688.0
96182.0
11433.0
7009.0
85567.0
83198.0
49377.0
29777.0
367.0
97873.0
7132.0
57858.0
42576.0
50700.0
30493.0
53573.0
98834.0
90564.0
78822.0
47381.0
59793.0
75924.0
18623.0
73593.0
5271.0
31439.0
88742.0
57670.0
46734.0
39348.0
46932.0
21793.0
42464.0
9504.0
64488.0
97473.0
20653.0
61981.0
71762.0
63763.0
49992.0
75671.0
38942.0
98967.0
79695.0
40719.0
54554.0
11688.0
87493.0
33001.0
36614.0
89369.0
45037.0
65504.0
74904.0
37275.0
27589.0
30618.0
95880.0
39835.0
38749.0
25014.0
14143.0
33416.0
69298.0
14401.0
31607.0
57554.0
364.0
54119.0
64590.0
57326.0
19920.0
935.0
42029.0
96278.0
94050.0
72224.0
4367.0
2253.0
89499.0
33287.0
54481.0
89216.0
34115.0
7547.0
36469.0
15432.0
56588.0
1391.0
97938.0
42509.0
1003.0
54438.0
36827.0
53860.0
77683.0
41630.0
88266.0
26424.0
90127.0
85155.0
3849.0
37959.0
88955.0
4227.0
26461.0
6595.0
58240.0
25506.0
14256.0
89113.0
53066.0
29124.0
40441.0
72046.0
77640.0
1543.0
30538.0
17925.0
75648.0
87892.0
64054.0
83390.0
96268.0
77066.0
60733.0
37528.0
16405.0
80698.0
89461.0
29751.0
17738.0
24754.0
69206.0
54433.0
96573.0
86769.0
24515.0
28642.0
65946.0
82073.0
50672.0
36943.0
6053.0
65026.0
3092.0
40967.0
38767.0
76938.0
98668.0
22134.0
50036.0
4875.0
99017.0
34515.0
71925.0
68133.0
25496.0
78537.0
75853.0
52475.0
46028.0
68947.0
30578.0
44858.0
38826.0
22593.0
53449.0
2259.0
25169.0
37527.0
9222.0
85513.0
62820.0
74932.0
34111.0
4806.0
75861.0
54768.0
89260.0
89160.0
5519.0
37758.0
31454.0
28089.0
5216.0
86481.0
42713.0
92316.0
30753.0
71195.0
95983.0
47939.0
21284.0
4528.0
38618.0
85278.0
95033.0
99338.0
82709.0
18285.0
6205.0
97830.0
76695.0
90551.0
35871.0
87627.0
12110.0
79219.0
46960.0
19691.0
36468.0
57539.0
67751.0
56257.0
91248.0
67841.0
78510.0
80442.0
65324.0
62962.0
70092.0
33969.0
14831.0
22071.0
57104.0
75411.0
39126.0
1282.0
80759.0
6497.0
7923.0
41285.0
36538.0
33619.0
67362.0
2502.0
88599.0
43961.0
45124.0
79790.0
89689.0
67933.0
26810.0
8961.0
13415.0
21092.0
44256.0
75145.0
45255.0
13236.0
19619.0
9803.0
18701.0
95376.0
64800.0
37531.0
69380.0
73950.0
23387.0
87818.0
93879.0
50185.0
86297.0
72029.0
61692.0
4130.0
61786.0
90458.0
89949.0
38977.0
66486.0
71452.0
34917.0
52106.0
65715.0
97989.0
59588.0
80715.0
34016.0
85779.0
87967.0
41089.0
26962.0
56715.0
39799.0
94299.0
60440.0
30770.0
87380.0
75158.0
87132.0
16539.0
37997.0
42887.0
8729.0
88186.0
92215.0
54615.0
70516.0
34263.0
18152.0
57384.0
74328.0
31230.0
56487.0
42774.0
93938.0
67316.0
7921.0
96953.0
23077.0
58564.0
26602.0
92935.0
77067.0
58903.0
75583.0
23990.0
1290.0
11585.0
66260.0
58143.0
35566.0
67704.0
27471.0
894.0
8584.0
10240.0
75231.0
42038.0
43683.0
1826.0
42538.0
80626.0
10718.0
42235.0
84338.0
25605.0
82219.0
17392.0
5604.0
85203.0
81156.0
88032.0
53885.0
45833.0
75621.0
19314.0
58840.0
6854.0
15273.0
1452.0
92536.0
61597.0
26692.0
25829.0
43215.0
28115.0
20986.0
27187.0
85289.0
64867.0
23227.0
91038.0
62360.0
34017.0
30236.0
46390.0
63260.0
50652.0
67859.0
63551.0
91535.0
44604.0
94735.0
62250.0
79082.0
60938.0
98513.0
11648.0
60023.0
96559.0
66219.0
70711.0
42581.0
80565.0
41939.0
68327.0
83009.0
28074.0
36355.0
21942.0
49287.0
22434.0
54417.0
83791.0
82789.0
44700.0
41958.0
17874.0
90296.0
13949.0
71262.0
40677.0
56966.0
34489.0
88987.0
56679.0
23943.0
32528.0
70629.0
48005.0
2160.0
12820.0
22050.0
32774.0
37853.0
84681.0
80622.0
50593.0
42459.0
65798.0
18935.0
89230.0
56111.0
41912.0
11064.0
68378.0
18982.0
88709.0
42768.0
13556.0
14139.0
44077.0
74526.0
75236.0
27838.0
59053.0
5724.0
46140.0
94375.0
81214.0
63828.0
7846.0
29463.0
34330.0
66979.0
69884.0
18566.0
75806.0
63465.0
36919.0
6799.0
41547.0
86858.0
4127.0
67636.0
51207.0
59909.0
2914.0
35439.0
65216.0
40430.0
93184.0
76695.0
19153.0
80009.0
21218.0
6859.0
16541.0
44613.0
81738.0
69694.0
9272.0
54067.0
75110.0
45663.0
91652.0
23426.0
83199.0
65027.0
47001.0
41721.0
44206.0
91601.0
34558.0
75440.0
99437.0
65386.0
55956.0
38699.0
83627.0
11540.0
43539.0
84339.0
217.0
22305.0
37835.0
79987.0
16258.0
24704.0
36524.0
91244.0
53208.0
53152.0
47329.0
99605.0
34761.0
51325.0
52855.0
74547.0
39825.0
19176.0
37500.0
68177.0
76776.0
59735.0
20259.0
9180.0
61020.0
45734.0
25955.0
58974.0
54169.0
78856.0
22847.0
18741.0
28773.0
96302.0
22657.0
22639.0
99784.0
19.0
83583.0
28580.0
3625.0
56385.0
3423.0
9167.0
83156.0
38308.0
7223.0
88938.0
11478.0
70154.0
17965.0
71878.0
79659.0
38163.0
61277.0
7940.0
30063.0
70874.0
36633.0
37011.0
16017.0
15456.0
9930.0
61862.0
34854.0
74737.0
59125.0
56433.0
49465.0
39349.0
49081.0
98784.0
21984.0
75958.0
14101.0
33076.0
92170.0
83209.0
43590.0
98779.0
61044.0
9243.0
88078.0
80267.0
48379.0
92761.0
20977.0
87354.0
92491.0
33756.0
21848.0
84061.0
36502.0
97519.0
80728.0
56571.0
68289.0
72766.0
69037.0
54478.0
1688.0
15069.0
92991.0
83029.0
12066.0
22066.0
32487.0
93400.0
23631.0
94176.0
43115.0
98394.0
86157.0
46961.0
6309.0
24916.0
71674.0
39455.0
48898.0
24244.0
40724.0
76894.0
94310.0
41105.0
17676.0
22410.0
74380.0
46953.0
45178.0
64073.0
68619.0
66329.0
84681.0
34173.0
55573.0
66264.0
35379.0
41225.0
87577.0
2480.0
13863.0
76828.0
46536.0
61658.0
10694.0
15870.0
15668.0
63862.0
98030.0
76886.0
57908.0
16260.0
20686.0
10678.0
48389.0
56546.0
33880.0
40005.0
71051.0
59106.0
61172.0
95303.0
75349.0
84358.0
88497.0
15882.0
4638.0
83483.0
46742.0
21935.0
76719.0
73296.0
90295.0
37202.0
41537.0
28881.0
84227.0
37432.0
67041.0
71172.0
4314.0
39061.0
89613.0
8415.0
38588.0
1911.0
61370.0
57476.0
62845.0
41011.0
4152.0
26107.0
12564.0
62474.0
3373.0
19338.0
65875.0
9175.0
34430.0
38387.0
7729.0
94328.0
397.0
67274.0
92770.0
50966.0
71771.0
47121.0
62088.0
89042.0
20270.0
41235.0
51747.0
55054.0
85934.0
46553.0
83779.0
78198.0
93450.0
47532.0
49023.0
31529.0
87160.0
49896.0
54430.0
66056.0
73017.0
41528.0
80659.0
57497.0
49146.0
16116.0
87078.0
14680.0
75479.0
32052.0
94220.0
87899.0
96794.0
79984.0
93400.0
2401.0
30241.0
62166.0
45867.0
43158.0
34494.0
28518.0
44072.0
35269.0
55351.0
32909.0
66114.0
53915.0
93070.0
72732.0
3062.0
95315.0
23356.0
98277.0
78293.0
32324.0
1846.0
70258.0
93690.0
25667.0
59953.0
27618.0
75098.0
2646.0
79329.0
68960.0
6073.0
31255.0
25181.0
18401.0
16536.0
46689.0
20159.0
2394.0
22668.0
62042.0
70919.0
56732.0
40747.0
22812.0
13855.0
3821.0
73568.0
71201.0
91705.0
62532.0
65502.0
81195.0
97877.0
5825.0
94704.0
17838.0
58015.0
78886.0
29871.0
48027.0
68725.0
68022.0
50701.0
63049.0
68069.0
64297.0
18286.0
36930.0
32149.0
78793.0
94742.0
15783.0
94749.0
12524.0
75357.0
93025.0
58094.0
55502.0
30943.0
5925.0
61590.0
57866.0
12049.0
95555.0
20987.0
16373.0
98862.0
52364.0
65573.0
94647.0
61871.0
70973.0
62681.0
42342.0
41432.0
34540.0
30399.0
10561.0
17999.0
90446.0
95557.0
2791.0
67496.0
33250.0
39260.0
15089.0
17756.0
9854.0
26720.0
16370.0
39832.0
19188.0
61270.0
16298.0
96274.0
44000.0
7598.0
18977.0
94134.0
99473.0
65287.0
49414.0
59262.0
29137.0
50705.0
93092.0
37504.0
95091.0
30798.0
63454.0
19297.0
86360.0
56530.0
78279.0
65415.0
77470.0
22218.0
68736.0
29901.0
71142.0
43289.0
68559.0
29647.0
22048.0
79804.0
76152.0
58245.0
88853.0
78351.0
27003.0
46861.0
89105.0
80265.0
15305.0
77601.0
8363.0
50307.0
11780.0
72679.0
84626.0
35062.0
76819.0
25191.0
57877.0
44705.0
1023.0
96983.0
65775.0
25578.0
23725.0
17811.0
59214.0
47900.0
9239.0
42024.0
4607.0
51918.0
49193.0
25615.0
88279.0
15940.0
18837.0
91639.0
9952.0
89871.0
22228.0
1627.0
62718.0
75856.0
9722.0
92658.0
46685.0
55643.0
91476.0
68262.0
31065.0
3766.0
40353.0
83068.0
37258.0
76671.0
66538.0
95282.0
82634.0
92813.0
81695.0
75399.0
27811.0
76751.0
93200.0
65331.0
79834.0
83857.0
13605.0
15415.0
55314.0
24318.0
35386.0
13648.0
18911.0
65599.0
13530.0
7685.0
72488.0
79840.0
87446.0
80992.0
54360.0
82900.0
33346.0
17722.0
83233.0
18703.0
12845.0
8750.0
36909.0
87249.0
59676.0
46511.0
70018.0
52579.0
19234.0
60885.0
14961.0
26009.0
57309.0
97747.0
99100.0
86776.0
93807.0
10340.0
3266.0
43217.0
50199.0
32996.0
92680.0
79211.0
72588.0
68219.0
76965.0
45439.0
43991.0
72404.0
84426.0
58301.0
34282.0
30540.0
76908.0
60236.0
45088.0
65381.0
6607.0
67438.0
6225.0
11642.0
46001.0
56321.0
17842.0
12557.0
53233.0
37922.0
776.0
6012.0
53210.0
86605.0
96327.0
80947.0
40336.0
13087.0
16779.0
34202.0
39989.0
9468.0
83890.0
65327.0
9272.0
84141.0
22516.0
60431.0
89978.0
5345.0
31552.0
43565.0
46239.0
18292.0
82964.0
8645.0
9422.0
78253.0
55832.0
53354.0
71557.0
40704.0
6104.0
37115.0
31196.0
47541.0
87996.0
24629.0
23283.0
51680.0
24390.0
28162.0
12699.0
83599.0
63368.0
76111.0
6366.0
28034.0
3487.0
30203.0
66317.0
76180.0
99536.0
83179.0
69348.0
2457.0
82813.0
50746.0
47099.0
63488.0
20707.0
19950.0
84204.0
83895.0
60435.0
34982.0
90427.0
96813.0
58316.0
43983.0
34983.0
89522.0
85010.0
79030.0
74220.0
2011.0
89645.0
58263.0
37907.0
49922.0
21632.0
69332.0
855.0
14699.0
44643.0
15554.0
88692.0
57697.0
85952.0
69917.0
7469.0
42302.0
73543.0
10396.0
63994.0
51401.0
26798.0
67103.0
44909.0
16474.0
2921.0
77989.0
9311.0
43897.0
78818.0
66906.0
62364.0
43973.0
62709.0
78733.0
56328.0
61552.0
56042.0
51647.0
76044.0
48519.0
53839.0
86071.0
41057.0
54448.0
63281.0
11347.0
82840.0
18508.0
35128.0
59962.0
35875.0
84828.0
60413.0
46636.0
73060.0
4959.0
91368.0
93946.0
46608.0
12793.0
92906.0
96306.0
11294.0
94128.0
65427.0
40819.0
25714.0
28784.0
44977.0
90559.0
61697.0
33646.0
31175.0
41454.0
57633.0
22250.0
93381.0
42847.0
95759.0
65261.0
44458.0
83434.0
24060.0
75442.0
2354.0
92208.0
42004.0
29345.0
2717.0
44596.0
83628.0
85142.0
43199.0
75299.0
60104.0
25633.0
18653.0
66862.0
51814.0
57862.0
87594.0
97017.0
10186.0
69956.0
4158.0
77707.0
80007.0
61011.0
83024.0
49862.0
54247.0
10854.0
56912.0
66352.0
71127.0
16689.0
37700.0
76080.0
49074.0
19396.0
61724.0
58677.0
18409.0
75988.0
40020.0
81968.0
1163.0
91355.0
99750.0
29698.0
54935.0
96790.0
4969.0
69679.0
19643.0
94796.0
81514.0
90514.0
83751.0
84591.0
22373.0
10730.0
19603.0
38075.0
22048.0
23090.0
29418.0
53403.0
49284.0
69775.0
18578.0
63467.0
62745.0
53922.0
11737.0
12056.0
61149.0
31101.0
44670.0
1443.0
40577.0
78482.0
51448.0
2436.0
96576.0
82407.0
25223.0
12875.0
55101.0
53574.0
87893.0
3938.0
33048.0
24849.0
81449.0
75439.0
33772.0
91283.0
75336.0
6038.0
72424.0
61713.0
30248.0
93370.0
45192.0
16191.0
10834.0
11428.0
32047.0
99278.0
44979.0
27196.0
21603.0
96932.0
49247.0
73684.0
37830.0
16548.0
25667.0
91685.0
40652.0
17644.0
68198.0
20528.0
12510.0
19198.0
25211.0
67399.0
25545.0
91222.0
43109.0
93476.0
28899.0
72314.0
23079.0
89334.0
89404.0
68335.0
33287.0
48221.0
15453.0
50184.0
73950.0
74955.0
98305.0
21338.0
29792.0
66666.0
40364.0
12555.0
88866.0
42268.0
77131.0
17384.0
56332.0
61246.0
7786.0
26005.0
57789.0
1830.0
56204.0
68768.0
3477.0
47211.0
58122.0
42991.0
92484.0
73923.0
82315.0
86967.0
71308.0
7591.0
75452.0
81838.0
21493.0
18995.0
38157.0
58296.0
13293.0
25098.0
4328.0
62622.0
39897.0
12695.0
63022.0
17150.0
10141.0
43694.0
34576.0
38779.0
25668.0
85680.0
73511.0
8884.0
72525.0
24109.0
47696.0
4371.0
50258.0
40516.0
52584.0
27196.0
58134.0
27622.0
65375.0
10533.0
95946.0
22681.0
55324.0
13156.0
10492.0
45528.0
47885.0
24547.0
62652.0
70648.0
71369.0
82833.0
35212.0
60933.0
7461.0
55827.0
7556.0
59659.0
51983.0
61624.0
1919.0
8656.0
93866.0
32874.0
94214.0
56286.0
6342.0
78911.0
38391.0
98847.0
59355.0
42095.0
49778.0
65793.0
76066.0
16289.0
22975.0
2969.0
46960.0
42014.0
36767.0
45891.0
50800.0
74407.0
97677.0
98535.0
51964.0
67553.0
85009.0
62968.0
57496.0
7918.0
50241.0
17559.0
75819.0
8536.0
36852.0
83380.0
5370.0
61863.0
98725.0
83348.0
89475.0
96210.0
72416.0
11054.0
50899.0
43730.0
66572.0
33455.0
52196.0
37041.0
84373.0
96445.0
3415.0
48162.0
68180.0
56601.0
25834.0
16778.0
49214.0
33309.0
86166.0
1339.0
31942.0
40997.0
47303.0
57410.0
33008.0
23659.0
89273.0
88758.0
53331.0
75146.0
59275.0
85361.0
41097.0
13316.0
60995.0
88476.0
88566.0
5919.0
81566.0
25218.0
19443.0
52874.0
83250.0
45062.0
75318.0
34909.0
71234.0
35537.0
91424.0
9758.0
82844.0
53443.0
18466.0
86240.0
87379.0
60619.0
28173.0
63398.0
92917.0
97970.0
57045.0
45574.0
15688.0
95889.0
89792.0
29576.0
26053.0
55075.0
95409.0
36525.0
43025.0
19444.0
8844.0
82509.0
73492.0
57977.0
88357.0
73977.0
45336.0
53018.0
44010.0
72799.0
46464.0
60490.0
80521.0
8843.0
4962.0
2711.0
40383.0
10730.0
93411.0
5213.0
6047.0
97226.0
77197.0
25557.0
36155.0
91774.0
35343.0
92298.0
88721.0
43262.0
45393.0
7404.0
17749.0
17322.0
47795.0
50429.0
45911.0
59247.0
79937.0
81865.0
68689.0
97922.0
533.0
20915.0
84400.0
97162.0
86153.0
15595.0
15612.0
33050.0
97623.0
10363.0
33413.0
88444.0
38671.0
37697.0
91948.0
80425.0
33044.0
28982.0
95435.0
39220.0
59411.0
15661.0
50402.0
36327.0
10337.0
52343.0
79295.0
62948.0
68528.0
10211.0
1033.0
35694.0
17774.0
48900.0
27561.0
91617.0
9819.0
47306.0
12950.0
1627.0
95716.0
84882.0
39451.0
97182.0
1601.0
73753.0
66087.0
8206.0
26759.0
66188.0
24465.0
20852.0
81482.0
83963.0
58886.0
9733.0
74707.0
78379.0
45361.0
69213.0
86170.0
68299.0
5669.0
52549.0
24385.0
42207.0
30154.0
42804.0
73260.0
26360.0
14242.0
54417.0
71584.0
85444.0
71606.0
53526.0
91703.0
13217.0
16578.0
57200.0
15741.0
41709.0
97401.0
42083.0
49483.0
6042.0
79958.0
97642.0
99518.0
52189.0
59681.0
381.0
67634.0
86373.0
53179.0
98059.0
43968.0
13416.0
98502.0
88006.0
37073.0
16345.0
65395.0
17023.0
95646.0
13590.0
86313.0
84550.0
74886.0
95742.0
64239.0
7859.0
25931.0
28896.0
60438.0
32451.0
93961.0
15214.0
58118.0
94138.0
13780.0
22449.0
35427.0
77511.0
16461.0
96342.0
93212.0
16581.0
70144.0
75429.0
26289.0
81021.0
80093.0
84338.0
23902.0
5385.0
7249.0
50636.0
42184.0
38516.0
89505.0
37811.0
18850.0
7165.0
13763.0
44296.0
66556.0
70298.0
72216.0
54716.0
11209.0
60504.0
51850.0
17514.0
38956.0
16673.0
59710.0
35392.0
255.0
36311.0
60597.0
74008.0
71487.0
93212.0
89893.0
90374.0
87095.0
39444.0
30383.0
56842.0
29863.0
6946.0
78877.0
93349.0
1680.0
24719.0
96922.0
91496.0
6239.0
83626.0
25197.0
58247.0
82260.0
18313.0
8948.0
24557.0
20271.0
90253.0
64441.0
64457.0
79126.0
84484.0
63571.0
25543.0
99908.0
47751.0
77820.0
94521.0
63089.0
54884.0
95338.0
11251.0
45786.0
60630.0
23725.0
98199.0
82317.0
84528.0
50084.0
59077.0
26676.0
53177.0
31740.0
80660.0
37627.0
816.0
57189.0
41918.0
58303.0
9585.0
32595.0
55925.0
61365.0
47280.0
96622.0
49011.0
90037.0
45218.0
17014.0
32176.0
85985.0
23964.0
10040.0
48493.0
86261.0
47027.0
7589.0
69229.0
91757.0
84706.0
62197.0
58531.0
97613.0
26825.0
1975.0
57093.0
96657.0
95026.0
98547.0
4992.0
32018.0
38000.0
77727.0
59718.0
95954.0
90464.0
39578.0
56003.0
22724.0
71441.0
52136.0
74254.0
24699.0
27264.0
37323.0
89082.0
54637.0
72668.0
82170.0
56491.0
18979.0
56393.0
93345.0
32645.0
2176.0
39968.0
86324.0
63200.0
76843.0
25747.0
11025.0
85337.0
71739.0
27085.0
92721.0
5922.0
61727.0
55544.0
99883.0
83994.0
28391.0
43865.0
99366.0
39255.0
70642.0
65334.0
72824.0
97503.0
70549.0
24951.0
47391.0
66357.0
16484.0
81674.0
73019.0
81.0
35968.0
10752.0
38119.0
50985.0
54141.0
50422.0
33650.0
63307.0
38191.0
79598.0
17598.0
38605.0
8721.0
18555.0
57556.0
85787.0
88273.0
43932.0
52706.0
71983.0
33499.0
21247.0
10579.0
50143.0
8608.0
49991.0
18825.0
5008.0
22019.0
63272.0
3641.0
59721.0
18561.0
39407.0
10051.0
71266.0
2298.0
24863.0
10092.0
59451.0
79872.0
39350.0
16538.0
49705.0
23099.0
40718.0
47947.0
49643.0
60470.0
4351.0
44082.0
45211.0
35978.0
83201.0
94768.0
83839.0
71876.0
86224.0
73355.0
41951.0
56566.0
6088.0
50765.0
9202.0
62327.0
88080.0
55196.0
4465.0
18423.0
14387.0
52849.0
1069.0
69092.0
40457.0
69463.0
95068.0
33586.0
98068.0
58690.0
6382.0
58154.0
94950.0
46218.0
22334.0
10994.0
30592.0
89986.0
68740.0
47605.0
99349.0
14905.0
77543.0
5806.0
15918.0
71245.0
26991.0
2710.0
10054.0
9031.0
78009.0
42024.0
77717.0
53494.0
69540.0
34573.0
98027.0
23787.0
12425.0
77962.0
70258.0
64463.0
81639.0
52578.0
1781.0
78365.0
63100.0
3496.0
98367.0
4959.0
27184.0
44933.0
29628.0
20296.0
81482.0
92322.0
60957.0
66443.0
15814.0
4083.0
43127.0
10615.0
92063.0
9344.0
10762.0
58768.0
29990.0
50705.0
76447.0
44362.0
66804.0
43766.0
22795.0
41348.0
22524.0
13776.0
35633.0
54815.0
90329.0
40128.0
72163.0
71258.0
13383.0
65801.0
53096.0
39755.0
15182.0
84100.0
64953.0
85980.0
95161.0
57856.0
72486.0
90304.0
80933.0
86708.0
14102.0
80145.0
25365.0
14563.0
82763.0
21703.0
19906.0
18123.0
52228.0
4534.0
18479.0
74186.0
50140.0
1669.0
46874.0
32461.0
27119.0
53446.0
88175.0
25110.0
87837.0
90135.0
30775.0
75529.0
99623.0
7476.0
4205.0
25363.0
4919.0
76503.0
68337.0
53624.0
3996.0
83726.0
36502.0
39320.0
70354.0
14902.0
75958.0
13660.0
88288.0
91033.0
11013.0
79011.0
58491.0
18274.0
68290.0
88324.0
32072.0
34361.0
52682.0
69503.0
68895.0
4671.0
50215.0
86468.0
6827.0
50471.0
35558.0
22047.0
61582.0
70831.0
7398.0
15839.0
96161.0
79002.0
6604.0
39202.0
84056.0
34572.0
45876.0
67071.0
42628.0
63841.0
99522.0
63279.0
88659.0
39626.0
91030.0
51032.0
30130.0
82757.0
78941.0
63640.0
78930.0
28280.0
2788.0
4874.0
1768.0
82697.0
83208.0
13720.0
67630.0
25981.0
12617.0
86398.0
360.0
59019.0
99005.0
79894.0
84769.0
74940.0
79104.0
66598.0
50996.0
64898.0
68681.0
11874.0
40998.0
41554.0
61880.0
32255.0
976.0
92319.0
99436.0
89557.0
51290.0
98325.0
97425.0
60079.0
93379.0
76878.0
68470.0
68595.0
95005.0
39156.0
78461.0
43816.0
4118.0
17396.0
50155.0
2249.0
93489.0
89755.0
75391.0
35813.0
23634.0
71248.0
62879.0
97200.0
68025.0
1581.0
1166.0
58314.0
66854.0
72220.0
75355.0
66346.0
45179.0
7402.0
16946.0
74215.0
16543.0
45418.0
96469.0
6914.0
63710.0
53865.0
57222.0
43795.0
34542.0
71465.0
59675.0
82510.0
53196.0
66396.0
49780.0
93490.0
9253.0
14463.0
80328.0
1710.0
69137.0
80560.0
96123.0
71760.0
12985.0
27278.0
41997.0
97387.0
58649.0
98764.0
30764.0
11589.0
14209.0
72785.0
92521.0
6363.0
83669.0
20687.0
5256.0
6161.0
25620.0
25789.0
6449.0
60185.0
10166.0
74611.0
26595.0
87998.0
34511.0
23394.0
99752.0
32527.0
78576.0
45518.0
2756.0
82851.0
2605.0
2250.0
49255.0
37901.0
64632.0
12942.0
96802.0
55261.0
98636.0
42134.0
18102.0
70480.0
22374.0
37466.0
72136.0
40886.0
12686.0
25446.0
34480.0
6206.0
74772.0
31701.0
68401.0
58752.0
20596.0
61007.0
24867.0
71878.0
99164.0
98812.0
41388.0
78200.0
55493.0
1251.0
11949.0
91939.0
82908.0
50660.0
81880.0
67109.0
64421.0
47055.0
15776.0
3799.0
92981.0
81183.0
92777.0
14743.0
34238.0
35222.0
1278.0
7793.0
40072.0
27861.0
23265.0
37578.0
93562.0
2776.0
28732.0
85033.0
96567.0
93773.0
18935.0
91907.0
21125.0
22255.0
89827.0
95105.0
46186.0
66819.0
20371.0
87663.0
60527.0
10126.0
2890.0
66339.0
53734.0
33713.0
36943.0
38792.0
75400.0
6690.0
75869.0
93607.0
78007.0
98792.0
32151.0
44433.0
6338.0
9171.0
17785.0
16875.0
6631.0
11381.0
44873.0
68439.0
66258.0
64833.0
75532.0
92123.0
14692.0
51839.0
42261.0
55920.0
50575.0
37544.0
25049.0
83880.0
27837.0
52100.0
63614.0
285.0
36977.0
3902.0
68530.0
24658.0
77029.0
40225.0
25687.0
88457.0
52626.0
70514.0
8316.0
60449.0
68654.0
70601.0
88391.0
57192.0
6192.0
22156.0
63182.0
69317.0
17583.0
73002.0
23141.0
19867.0
97544.0
82450.0
42001.0
39483.0
16415.0
63533.0
32731.0
46217.0
97084.0
2494.0
8256.0
11048.0
40982.0
57141.0
50246.0
81605.0
10702.0
82410.0
42761.0
79549.0
89970.0
67036.0
49364.0
78668.0
1410.0
26118.0
92203.0
14643.0
13935.0
6938.0
36292.0
79557.0
18495.0
42430.0
58838.0
69838.0
84750.0
74016.0
52617.0
44001.0
10958.0
96470.0
19245.0
76220.0
43887.0
36662.0
61383.0
57626.0
60857.0
75311.0
18438.0
41653.0
50934.0
28899.0
1332.0
40565.0
79661.0
11297.0
39080.0
96154.0
95017.0
97507.0
92120.0
41026.0
67480.0
31137.0
4075.0
26519.0
39727.0
83503.0
72204.0
79320.0
41707.0
9210.0
97947.0
45154.0
82450.0
53755.0
81182.0
1723.0
32760.0
92885.0
19605.0
48283.0
94045.0
50353.0
31947.0
43736.0
41652.0
52179.0
64232.0
73676.0
86015.0
70232.0
32515.0
35461.0
1046.0
71503.0
53045.0
56521.0
62310.0
14737.0
88809.0
45571.0
9110.0
50526.0
83471.0
18446.0
82596.0
35189.0
61328.0
54749.0
11982.0
4400.0
82107.0
46789.0
67949.0
27706.0
40958.0
34280.0
8540.0
97198.0
26929.0
57855.0
62006.0
90381.0
27020.0
30979.0
57469.0
77531.0
32760.0
35128.0
2295.0
97591.0
68003.0
56022.0
87603.0
57813.0
48685.0
15605.0
54666.0
58202.0
69824.0
26196.0
74560.0
69684.0
43100.0
6854.0
39209.0
87443.0
31888.0
65626.0
34792.0
28871.0
4389.0
86054.0
8659.0
42999.0
91220.0
11536.0
2226.0
37563.0
21144.0
48888.0
57031.0
3607.0
64574.0
62020.0
55015.0
99605.0
86553.0
73417.0
51686.0
38238.0
19922.0
32660.0
64369.0
19860.0
56060.0
7347.0
93557.0
84399.0
30437.0
88514.0
82973.0
88050.0
27977.0
14805.0
82712.0
74825.0
57889.0
48447.0
36249.0
10018.0
62328.0
45373.0
47000.0
1445.0
2750.0
12162.0
6838.0
81457.0
46102.0
46240.0
76317.0
51380.0
57290.0
77808.0
98534.0
88774.0
92766.0
75326.0
3029.0
75427.0
63874.0
67316.0
76478.0
38723.0
41825.0
27233.0
66251.0
39928.0
33878.0
86213.0
37717.0
14947.0
74430.0
22364.0
28207.0
58739.0
59400.0
33860.0
90435.0
30588.0
16457.0
43117.0
76404.0
15056.0
87501.0
57821.0
32002.0
14908.0
75976.0
33500.0
84460.0
28610.0
14314.0
42499.0
83376.0
98830.0
27600.0
40668.0
53454.0
41815.0
15415.0
24725.0
48395.0
89012.0
40684.0
61799.0
97649.0
19608.0
22847.0
4926.0
50067.0
66507.0
76854.0
54244.0
69069.0
99655.0
29054.0
93870.0
52042.0
39276.0
48124.0
34434.0
40224.0
28096.0
53121.0
1187.0
61847.0
77031.0
84411.0
78300.0
18567.0
11962.0
16201.0
13893.0
95390.0
5447.0
94951.0
88692.0
21120.0
12197.0
69127.0
49443.0
95625.0
64850.0
76481.0
43193.0
88014.0
69484.0
4833.0
35352.0
95426.0
42984.0
56254.0
1315.0
21140.0
10706.0
80011.0
44810.0
83893.0
10081.0
42151.0
61139.0
59736.0
66582.0
57679.0
93703.0
57459.0
4625.0
37747.0
91158.0
68577.0
93520.0
1285.0
54471.0
65833.0
60038.0
49485.0
63072.0
95834.0
50867.0
81114.0
12175.0
64717.0
97125.0
22036.0
90067.0
24460.0
14507.0
43277.0
30250.0
24433.0
38866.0
48213.0
25655.0
11495.0
87230.0
88461.0
15887.0
32141.0
56902.0
13939.0
98113.0
24665.0
79053.0
85980.0
80224.0
78681.0
73849.0
41568.0
23982.0
81172.0
80529.0
72046.0
21318.0
83599.0
34103.0
93408.0
92614.0
14028.0
13888.0
99306.0
42680.0
75821.0
50444.0
67532.0
81851.0
67702.0
43175.0
31335.0
41842.0
31089.0
5243.0
57452.0
19977.0
55850.0
7727.0
71376.0
5536.0
78202.0
80927.0
88092.0
15222.0
57378.0
66649.0
60864.0
27858.0
33069.0
16818.0
34151.0
25008.0
8216.0
79172.0
36870.0
92839.0
62350.0
44293.0
76111.0
97011.0
36651.0
86660.0
77666.0
7684.0
59874.0
52706.0
59266.0
61507.0
50842.0
91690.0
85989.0
52347.0
35795.0
85742.0
71077.0
13387.0
78694.0
61024.0
39413.0
22279.0
61259.0
29290.0
7661.0
58598.0
20852.0
6379.0
6118.0
9516.0
80183.0
29967.0
16929.0
1652.0
90281.0
10057.0
40193.0
63673.0
93285.0
15247.0
89849.0
32225.0
3147.0
3346.0
49632.0
43591.0
64230.0
1881.0
78657.0
94275.0
7014.0
27545.0
58735.0
19288.0
57772.0
95955.0
53366.0
87003.0
73700.0
22474.0
95981.0
9307.0
2668.0
16255.0
12871.0
21136.0
98387.0
39435.0
89704.0
99012.0
67805.0
88568.0
75701.0
61689.0
66915.0
76093.0
69092.0
23734.0
67959.0
