25917.58206034419
140770.6659915771
67253.27906604623
249818.2586368208
69548.90947860258
161172.24704978775
135768.2401962365
54696.10648578775
37654.53657679848
87884.94586935974
-26998.576592803598
96943.60699335403
104499.24027990486
245582.2284823609
29471.665164866026
163667.6212644251
92421.622122688
65617.16180335889
117452.4064603573
85639.08834715583
61231.72446421554
79882.31140297992
100316.09068650569
-33694.73041588349
53901.886768127166
27757.182162618737
78415.13539949934
235206.70646527084
27073.988920735712
93742.51103663103
30643.593407866312
-17986.267447891165
72847.48721648841
-123510.98509688818
145090.97964898066
115174.89976273318
142741.66211663195
-103492.68122782116
-88939.17217610645
-32517.302307398815
48553.29664872307
188429.55258324317
53799.899827778856
253480.97429205308
38165.524683067844
53631.02966346401
151388.0314696065
-63685.18729300494
51796.33592866152
-43088.73308891068
5898.176752357904
-123029.11425385374
119233.19643034045
-56601.41877821312
-1894.2295898216107
-64088.52370416306
54280.46841018531
-68636.06425028594
92170.7386891918
26080.781509452703
-3340.358184415876
-63183.18062901142
105741.52127499736
64306.69297893282
-15790.585364090133
93561.45995682031
77292.35760299677
37197.520199183105
66956.69183170113
27649.337864164518
26891.620519279466
66700.68469656372
84105.32427373885
93742.51103663103
78740.91679191838
169731.12356962851
156272.8653671346
156108.77101415186
59283.319789362984
44828.97176559917
97918.97384911418
300594.1627588803
220557.20994243267
239459.22416922226
130237.978405834
109757.55749482696
258630.13935606403
163261.98271015502
-119163.6245295697
-84479.13620415222
40151.581689115315
21266.273834720807
-99146.055776603
91474.45453084106
51539.769253914565
86812.81920536772
147695.2351946147
58595.01005835685
-111612.03153099635
-20581.18873968128
42437.43536936377
54662.03264763841
189199.58613165954
-82920.42586082575
26627.263626245513
130879.9382773148
138557.2454951324
148183.31829378198
170466.97456182292
36370.69478674117
248358.37990437678
20641.308628878665
-102117.11658989242
-19517.77921208796
3180.0070467104233
288954.41300486616
-142674.2271155244
160428.7723260487
104051.47385425484
63990.98002643708
221999.83868197532
152336.8055593322
-28887.77708393133
-3157.2941813068173
82250.34080758583
49602.71975433844
84538.32929046478
64135.64535097013
39500.83613389232
68462.69425179761
81976.49207189257
-40334.14451045952
-17011.635704889355
51493.08569601513
378213.5011527457
212779.12282653488
105748.93384147603
-40198.79993522653
160643.95442086871
129715.42912517689
25500.317599298505
90804.41870509193
63496.99578267978
115824.88776131967
112446.39940614902
189962.82547129568
55809.17996560955
210893.67773461092
53623.32563473264
130156.36440188489
81091.98840625933
177181.25564352368
64770.51486230205
146390.59389612498
23493.596650982683
76529.56531894364
99805.79730787012
-124865.05569901661
93135.6740566485
114760.52674045748
191562.80513720307
232767.712866463
312988.93366364733
174477.83696951775
176524.51719598979
114926.25842496214
69375.71131417317
133659.09739547994
-925.3502922041953
-35608.24199531454
91325.69686382145
257935.21912945987
-117008.32790347838
179646.7413056296
192978.29830256064
3383.5457233976485
116876.02805010258
41168.203146030966
63627.05831082813
297146.34084242175
132981.15352537663
-93598.79108528301
23222.57330582176
-42417.09586301062
17671.979628770787
234034.50382652073
47092.133421039325
-10602.961001918724
252982.63242399294
151244.8336699892
-222637.28443646815
318381.1979640217
50537.88582920609
57019.70634188352
221759.06922502752
176734.0115094469
170515.1753720765
51970.15992451373
142086.69570343962
206751.91682136263
303630.21637729096
51354.81782014604
119984.76057562348
-2051.7838913851156
131543.81907058606
157878.00632046018
150486.02647449088
203703.9571866509
56017.71514751273
218483.7873534595
50117.07964508113
42063.69511446987
-66056.97618141706
-18521.838329642444
270769.5848390218
194343.5265368751
-64305.33459385563
112611.0863461169
178425.04675697623
89105.8130746024
141763.73847142077
-20948.660565462793
118865.88000997144
168786.40762161653
123570.22469718583
373598.6935894699
-122856.42264323219
-30890.9616993783
103612.70879777367
-130879.91371463743
8082.820884060668
138703.22481844283
83656.60543642302
167593.48828355235
107318.89036092922
22947.45294548024
158154.43625178997
347435.925240336
179554.87593719235
221722.93808009394
130735.89114312475
31719.116850803148
154034.27659890277
15962.006247325764
34529.44001439236
133376.17486220776
189858.57982209456
54185.4035892674
182761.81529598194
237610.58632815818
66817.5468110364
135883.8174047771
-62593.00915861709
-74028.00796072767
-23145.924766681565
74799.57363079606
-22139.97326747561
79122.46890032935
114331.69193353901
139188.52915273784
143419.76802932558
198716.12112417578
196365.54192011332
146364.89316437312
43034.48943942036
74517.01864683161
104647.9428829765
192091.64154750446
-37477.20566951734
105761.47971693054
-34266.26570518961
71603.84195304794
-88952.94371432287
79963.72916876516
165796.6773607087
108929.93117735018
249124.9466763508
84538.32929046478
124884.5126481048
-50904.714330001254
42198.14284858688
189681.2608094511
17592.698059215203
90812.8820801345
73437.09624168239
-9914.796108310416
124393.2806443098
31321.51180654692
111784.6919823816
100293.33398900385
124829.93623552867
68805.03927193156
235116.27757125688
-148489.03774491715
127727.16253572839
83956.90929637944
188918.1750929616
124939.29799026481
224111.5505895485
155436.62744793092
235700.55752672662
186960.41572306654
178582.44231516495
155334.75036666828
5898.176752357904
88651.76447780426
29826.548170235284
363332.65159128356
150656.86896487465
85887.00360997343
55216.49931218321
196356.26640863373
-22132.513709039937
-3348.8781808427448
19241.011722028903
219339.3041979613
79336.19838442783
-56858.886704918
160089.5742593377
803.4987399800302
131701.71875884198
-92664.38068182758
88264.09559879148
-6316.789051525877
2238.742725490767
-25032.732002523844
-64263.682046142494
130764.53283326684
165345.7416500226
105746.87199173057
185843.56756621815
157590.86223635048
131765.11160523837
74488.20087659424
83874.29989389458
102556.8706428138
150761.77978832228
250426.59808140353
45689.79739192207
-54796.57444476827
-6839.187659302566
214097.78733442267
142336.68751711215
99532.08794276163
2700.6761408126476
-76494.01514954813
-9672.803914713266
83940.58327643308
165420.55830792856
13017.37529966567
188703.33149224299
141324.386847455
133245.1490946238
180478.34798971616
214214.68098666452
87266.43632889
79959.73652807955
32031.41073993897
-65450.796795511065
114350.01661784973
145090.97964898066
168091.61533520097
45506.05725439826
109123.23383164068
58702.25285378047
33794.895734585625
89544.64180597744
239568.96230412505
133213.31392043206
19382.651858748402
78193.44669579955
143277.61256275576
50304.7591358038
-15600.839686320483
-161252.53535420835
122144.04761330699
3621.0510531264445
30115.971592787275
104113.34006510791
48191.14646941573
-43439.935218518454
75967.67888492007
55593.73060966844
-811.0353876637237
154411.71234249743
275569.1461995842
-81573.92024653024
47527.45846475583
102101.12333785777
140637.86298918736
53396.38506371553
144663.7874879705
-41086.87943540259
91343.68318676214
109712.8770709495
-69266.30474173013
239781.07505139924
75886.3588431931
-23721.513684958234
71640.93785444011
60224.490635495575
172177.71264748747
27988.30120388067
197686.71891269158
90799.65622923849
21041.544270008824
99805.79730787012
47003.861954909415
-106681.85375329663
135256.27983220495
123039.48976840838
212612.91960720575
259634.58864688603
-161252.53535420835
-163751.30842497217
198339.93345142918
9711.50378086455
188234.7279335155
85407.8164908483
127076.3553952724
155077.6657319811
28423.132898126743
67404.48213666287
230221.57651031483
199837.27781103464
209354.49018095122
4153.601481474951
89421.50383273016
155585.5830883899
17415.717710060773
107455.67529931579
17604.002694118433
24180.54957741963
97706.83203944865
-32244.901670159452
24391.65646601571
52221.89578248216
65738.6363539684
140877.0710090075
74751.19996903944
79274.32692939449
36860.10765712103
151393.4530506757
-43909.73176113125
2230.487361730906
98923.22818797904
-105.31762259436073
60944.44767334752
-9312.541351126682
84438.13291499272
-98398.44166415272
11306.852328487337
12802.157175542772
68753.85457025481
218745.09237452352
7127.549030561844
60892.69640811802
170656.49192913042
218893.19535280883
238898.47831864754
85389.5953382569
-78329.39538003283
28713.771669657515
-91787.42241893357
91426.9873218992
30274.675788762266
114689.72677790206
63741.716923152024
37917.09325828115
112197.38850027454
149329.15736051142
121677.5615813017
146794.8576141402
38562.24147059677
59590.99588066249
29337.24287811434
129780.89073920809
152016.54949058872
-30743.45590949319
-12507.07543658631
115064.76903648043
159630.7434018253
33409.88244409003
164783.2436409379
-37333.49074122163
4145.695276979415
169913.12569354344
100639.30080820592
60821.69674400711
-71195.79327849488
186314.74022401578
-39165.85257040935
199101.6431199153
177763.83631900186
99349.31986198618
-66913.3289819588
25220.88938149951
73209.4150091542
59719.498850898744
169596.76479279998
138567.11044206462
205265.50443305337
65553.3443920506
75504.45147070798
174834.4728704148
70642.10817366514
14336.991845462107
100372.21871216354
61216.90563415148
117980.80985392536
300833.7453308322
126984.78920234118
57863.899508552975
46413.35381076804
229975.9183168257
109385.28690896287
103140.83118963277
349006.73949973466
-26570.184187884966
114142.47262270654
55336.95219111521
101256.29654702538
146128.44615503983
11472.642410879918
-36634.44189294698
-95086.98748214083
166416.84130123985
132227.73248135054
-83801.08249107981
-26302.73564849906
98654.06220015747
-27623.613236733232
270943.2202747034
49207.71930404709
-20612.458108419203
95887.21410250812
45367.71307572631
46341.90840126841
-66917.04990104982
38018.11508128755
-156649.9946636681
25769.588270548666
145243.68239016063
219832.92722309532
-86454.72082774437
145403.96001661665
31120.545098080285
9304.226388460433
-127944.50949412308
138774.12186547072
209613.45531926004
19382.651858748402
31396.533555755675
-37409.8213713828
89626.39472368459
123569.99137851535
250526.25139690997
267802.37827724277
-21506.21917024396
217416.0197384557
129715.42912517689
155639.9724253709
-29092.059461420416
88710.56656238955
107059.34132453786
60617.58259020267
4279.395040324875
144385.63675725
149329.15736051142
199289.045879722
14581.469699012341
48955.942351608595
-1346.4042883585935
-72525.20697307089
130176.12063924299
68247.51439414277
79789.99272958518
97840.8414827516
142732.25170106653
-63623.512469248584
41302.92357701353
203981.8885267684
12948.88598572366
100256.90694144885
186573.32729883058
-33215.243713022894
191808.16656655623
136453.92452320727
-45722.14718473308
202409.0572612033
90801.41715309277
97826.23492489474
87388.78011882932
188852.52342785324
68601.57379771068
110092.73072874785
-54212.95311715202
97340.29878140146
181625.38815419248
187839.88421472433
63694.37920269633
181467.32897108718
145478.38418827477
82306.15355792033
95199.97336333628
155591.35082229797
-53509.66310784139
72024.44238411722
178188.3515886342
278270.3933835343
107318.89036092922
178184.9289548039
212986.33756483506
82029.02540780645
-28896.063592571998
117311.31566167006
-37803.06561368749
145995.01992957294
146583.97128076025
108880.32726240382
-67414.57534641141
134217.69678177836
127286.30347284308
57228.48569209437
-81010.82832277243
91411.27326519614
118534.78280316187
132999.3263535408
-114898.10233443292
52005.95910689479
45066.345048146424
104177.21593159885
173391.5438436134
140806.6267465897
25801.97706496348
169838.37203412037
-87061.31249548306
28686.854060121223
-154337.4746841232
-74638.49070723134
18744.22013151036
111175.55042774774
103766.3295243208
86160.16714860692
112785.8615459711
-5664.923842144082
29216.692852801832
104744.0598474077
290790.0534667187
177397.2421038872
-40742.54147803485
74045.08246725635
83124.3638620076
121283.01705826641
-120353.53299344011
-106605.76076405423
147822.05379410228
74843.79508508444
-105392.50788391815
161647.21610558825
189234.02388661672
98909.86841017604
158673.72121174584
264272.2810359339
213407.08747644202
132578.02193549124
96270.88563108981
325474.7476961741
37265.728176578836
288954.41300486616
-142674.2271155244
119619.84993769886
254594.58029019437
157742.22861331422
180076.31962912966
132178.21344934736
106020.73863404675
-135680.8130624763
122066.87319699799
8236.6812990037
128507.12401834503
201448.23941086046
277962.57251183665
-49644.24496388447
51549.047983578785
733.364891324105
-128034.71897024315
125477.95911047075
138203.6935533203
108929.93117735018
-58421.5646368202
11853.482779400649
246.49009377678158
144385.63675725
105707.49043347883
336762.7934193109
7641.743855149005
318.93446145407506
1413.781908694029
56068.859506420835
211114.6747681801
-84501.21307228878
32747.441433787913
110992.73879132769
-4973.727222023226
169686.7486739476
91942.33915704754
236762.82440070188
213003.92938555172
127863.05218915392
142372.91309918143
176524.51719598979
-23996.766938446206
170334.80296167042
-46496.10309222029
80463.20838809035
40591.384645566664
125383.6507765282
175481.8866453511
47571.469151115205
69073.17304891761
59307.67368308306
6534.556613689507
227497.3255374043
16257.864083816421
-79059.49938978214
-12570.6619997276
196098.3125283665
-6311.096598309625
169936.87756820273
-32931.87376064704
76800.77830122328
233948.2040909455
95487.45301715762
167593.48828355235
155859.88286197488
249711.10126475163
111728.1474836331
219482.70563159013
87884.94586935974
242865.45164224488
-142839.94029372223
266001.13804104045
103000.56716369103
-142746.43499398843
-12872.886476329353
10169.48562349975
48797.96061657855
9968.770304213605
123856.19976349006
-72117.9622049852
-87926.67083871883
134307.697220727
117740.67726725109
118170.88523998915
185879.72431292926
82629.48702935559
114154.28384780293
194443.82063818397
80489.24628451766
101846.1278667324
-54767.542334981335
101543.75918496237
11340.307875366205
165612.98270155722
-11016.346713314866
147022.06825396902
-22132.513709039937
190023.57463440765
-8848.154489202003
-106686.31101794585
64045.250070046495
278270.3933835343
-39408.80753915847
121869.13080913905
91355.20125032669
69523.34313247597
-71005.71623155806
37246.831544017776
77535.82110266326
18128.069007736434
160643.95442086871
16021.679009228093
4058.614645412803
76932.87041975063
112033.45157266608
16858.957180895748
158310.39908995424
194626.17388560082
45954.12368044739
7410.214869236268
137529.27340424573
107619.68589516498
-83130.11572929233
120408.92071755917
40252.663342622734
166852.47453509478
30981.70182222256
6138.03684617531
18712.889844511417
-175654.81110523394
46855.91950029932
18420.780821781234
149045.1285575234
128821.40054514186
85935.73679283181
171395.08354243703
93477.22450304066
-29604.481102128746
-63668.058027873136
-69140.37520322335
23849.43688439839
-11246.931388623678
6962.4460436317895
157590.86223635048
-26857.905971781656
53462.317475494216
102559.15550371673
20390.681339011782
110279.14869606459
286158.8643030444
248981.4509017045
141878.14439236582
-94315.44910891217
53623.32563473264
-126986.46709289952
-32614.124607798716
148658.47857016558
128527.72394236087
191119.8967541576
192978.29830256064
46723.504485310696
24486.477179524205
171821.9221172249
-28467.89626387936
61320.79031637526
54095.43212167702
64045.250070046495
30302.006018020104
97934.8165638672
-21352.48013061972
1320.1401680772542
76401.2694731651
145395.7883627143
80955.54976753678
-87061.31249548306
165437.2520864816
23934.07460633891
22169.71478061519
21054.116834415057
13965.35851150519
297737.74818145635
167365.04496051208
-46138.21948215377
-48276.70923857603
165345.7416500226
38640.68487099433
28252.655283388558
94328.03129238743
102025.34997912587
-80986.34607350198
107846.64526898463
-61996.53911537625
195256.80822665794
38434.91640602596
12545.98635933768
-127071.63344539297
107090.93747899176
-25180.339455228837
93319.63627564332
57396.976207053565
81401.62163527217
33063.35725187448
122650.68737974309
199147.7691723383
53216.31158946546
127418.79359188818
47181.818320368
-75709.90268365722
47347.605525796156
-8848.007679592687
179819.3047477578
11253.7765750244
73402.38987152425
179858.35979768803
123319.78039028641
151810.3172159438
-9217.957918486543
-881.6181456286868
-34266.26570518961
202269.64536039045
23236.723847909743
52578.80956591531
-41383.942847375234
26174.222245629782
69571.63722246299
123976.3816176306
32653.369219341585
22693.7865996958
17553.99582955073
-103388.02328624012
-40982.05826527199
80105.25956433445
-206494.6116839351
143180.54362215614
33749.289979604844
4083.9470275035274
86892.2048396446
93702.05310261832
-31140.208742898467
100537.79323591563
150577.34841170718
281306.2370708495
26559.48870670172
216141.1407393202
129103.45562285194
134314.05394537834
130241.51015873296
-45405.8952495187
262902.30985318485
107059.34132453786
62665.845220924595
-12507.07543658631
199289.045879722
-28855.50369730749
34616.217412892904
-3887.6936546178913
195161.25215245754
71647.67512222417
65343.282182316056
-86096.90616810325
59312.3577271178
-111549.94437059195
-11337.060195264465
240151.46936555288
-128839.36771930472
75731.39617285761
73739.78515182209
17734.122480064085
24180.54957741963
30344.028325203224
297681.18536865315
97159.25601160922
-152429.99289407395
88883.01866673918
-18457.085294271674
165170.88240361126
-86952.09974389998
14921.788488225873
306638.0746963749
-14061.382485993818
363866.47861838195
-49890.146662890445
53421.13238175463
82204.21003037774
-14536.161775773799
163909.21620049278
5467.764862339798
22.85300874483073
259262.36474867724
269550.38280124345
171278.63958444324
25500.317599298505
161592.657295715
231505.1554590865
58627.06061876094
100148.73327140558
114304.28971736981
24286.883663453496
-26230.5290043164
-16027.372231118803
83493.16805600285
108879.42949318438
123374.681872586
190022.62464984073
59400.99209990518
250280.69562862293
-11534.566496116386
327202.64636895875
144284.16679694765
270769.5848390218
100663.23029910083
46049.89804742613
65745.0177910768
303630.21637729096
-71736.63696224353
6061.027422762665
123020.83687813776
49247.562872710594
170501.21400179004
172476.3932585576
49335.05312943338
-53237.60498659
188238.96612809092
56543.14652374978
87101.52633375436
39536.61854580582
-102568.70650808484
31011.898441614874
160423.2382690913
115335.09561499621
8265.202789271614
162436.24057628703
-6316.789051525877
39274.08180959319
-80741.97626139989
205679.8297368943
178425.04675697623
108582.98401819041
55935.88635701085
90703.22840357847
-113389.2552403801
95546.33156982297
65781.23745045188
-60863.23404067833
19251.94659988324
201989.43629325563
91461.53749713404
-8326.595408123001
201949.3245667644
29800.90298179777
-73453.48467888092
174834.4728704148
150004.48660275948
111565.87217422298
-71005.71623155806
-104695.13303947842
50499.19924179926
110539.3500914409
102409.57246370282
236040.05984760946
-100034.22688650497
140900.0125772209
202356.74561868375
116025.06576547443
125102.02075561276
87515.18321619096
66332.00585024194
324859.525424727
54661.77649032914
73775.64971778328
15278.455928305004
189962.82547129568
170150.23698928696
101446.86246440577
154421.4561069054
109593.75466299521
2882.785478994847
175944.02430389402
75967.67888492007
129720.69116715738
-87538.90145958963
-11683.480353089355
117554.02847463076
1463.2826947174326
133927.60438381552
193713.89418668603
53978.6217854069
117794.10710621177
100802.67342359197
162693.41664499827
18998.200159106003
-6725.854578946499
-75816.98445050794
-79065.19922847074
140273.69490754686
67551.06646480745
-141037.68993144375
-30418.575660305854
87566.41477056422
144284.16679694765
-23248.011794562655
98990.8972476713
-9558.908000796946
163972.1702718335
-65728.53192129289
170625.44553293678
107624.53601836144
-106605.76076405423
-82368.70561712797
48430.49597271855
127105.5414009557
250235.00622158486
21980.43528847461
140637.86298918736
57480.60944739891
126984.78920234118
127663.53898425517
4729.6980103671085
182378.6720340624
-41327.317621411945
303630.21637729096
82029.02540780645
28514.388250148193
142479.65126924525
30802.70447404991
171058.54819262685
275569.1461995842
78297.18445373618
79712.26570911329
-4022.1592963222065
75517.28905738967
123683.74437949734
32031.41073993897
-156649.9946636681
218317.56907419162
-76494.01514954813
167555.54436582435
47344.3157418842
199289.045879722
150869.56104102865
25786.10017019286
-52111.39308716974
288954.41300486616
23474.713139417516
-36827.47175924828
148140.94467657158
93214.58660273871
-53930.885768424836
55868.99685654798
223588.6140825971
193148.1511637807
80821.82764059487
183809.36152863904
126313.20857619426
-39708.307870096294
29842.326534355132
-14919.390852189652
-128045.65847831001
219298.1718049258
22030.311163219543
37821.09301374231
350663.2518283159
58951.228015138775
-19003.588994380378
37772.840775724544
116087.29215996116
28067.698897002927
134611.05243974214
137576.519755421
-28516.57349223098
93676.54871385296
-11186.966449403873
194952.24604035157
109557.05407309759
-4623.007947995109
99184.93787528138
7639.70273288319
-84825.68283571259
104195.99907430216
35765.52406005114
50656.090688547425
7127.549030561844
97145.14269063206
-133748.77314303908
137680.11586206855
-22982.409902711355
74082.65830071417
3151.7513067499676
-18485.770090532285
153520.91157011004
255265.97954615415
224178.27164741396
31213.36484195599
134350.12919058863
32561.647736142404
133002.1680953658
10541.235763401579
105452.78009184601
109813.14196744311
-25008.92938761761
163667.6212644251
54185.4035892674
194626.17388560082
24177.90363158149
89844.25693161416
-49994.70065397766
136718.2412116683
16563.929640576913
110909.72844718659
53762.63033579466
132832.25899984554
94410.88369066209
-26735.67555602583
14649.253183822184
-99628.85682771262
135210.39003367873
135588.19113122034
59422.91694129074
60148.32922432915
27676.270501321313
168631.79169019248
-52094.92471303401
-26725.825978571476
101148.48511258948
126110.56152107805
184019.77221638346
-127500.0228083916
-59073.45229379751
-116191.96635903802
239459.22416922226
86097.81003696063
250426.59808140353
9720.547140037314
97521.63657133398
132289.32728413393
-89679.14978007076
201126.48756432568
141943.47973521132
155420.4665679672
-18785.056148357384
90978.6863567226
32547.11399696346
179310.05654743902
159179.76628110238
16787.208118408955
154593.594641248
44881.520747148475
-88939.17217610645
42911.49188994296
8157.290400338228
217167.83399545783
82204.21003037774
126758.26686057726
201949.3245667644
-317167.15751373826
220281.83527077117
-20851.33298521035
41866.24437060144
21174.371382737
94942.85017574423
-12367.393636406181
62665.845220924595
207765.7450216368
-108868.20802907931
-93091.13383323897
21627.09713700464
4808.201628241732
-62659.2056687187
-44707.80276593733
261685.88575609846
2342.857846329178
-45405.8952495187
206532.16582481927
18099.830128647583
-3648.5886021967017
44638.763331720176
98990.8972476713
92779.5754078661
108929.93117735018
136280.7298562061
56668.57625262691
-187571.98986207886
15436.237960953273
-49589.3897595163
26898.122240025135
27530.384413841704
154393.87173024676
219182.4741979741
170587.39539868635
167692.1540750001
119750.49089508111
-71922.48687096577
43203.51109322427
268996.9065361152
-9217.957918486543
209105.96070023946
45392.40188317801
197489.3800691594
66491.21163104169
49089.554938797155
113947.65686012243
100309.11880443855
170187.6870323927
134762.70289865986
-54555.125742469594
-13022.749196989229
236762.82440070188
168677.47465788218
-67810.30209786203
195540.05073443672
107588.3219571295
-34578.39832586635
41210.041978711124
160758.68714480454
32923.015181419665
238297.76050953942
48822.10000506436
115916.9620508728
178652.10181591118
72727.90906497499
-75816.98445050794
113175.18603155931
165612.98270155722
61662.286937465185
-58271.4935216124
-86644.78436921857
216363.87370750867
165195.22712966753
17164.536731706357
149101.06047594966
196304.7967765986
31059.29112367821
-91433.68594921983
-144694.03518538512
95638.07235181856
-38087.1388709038
-21197.665401608247
45830.960305401735
13664.993156652985
48508.255646573336
23829.42593848145
24180.54957741963
60292.03798395393
34807.149216324484
-26147.34839855264
102409.57246370282
74781.3158627083
59517.75861036687
129438.3021593616
-38149.819312659325
22848.514830523025
73783.3922796253
-71773.89609046979
57110.5681018116
54643.94588362791
126976.08413902664
191119.8967541576
94227.00190864407
68426.05747398747
131676.74341352578
151669.2307025905
176580.32916199404
15165.811347716626
-35607.02271987153
23520.568736136105
-156813.5803362667
186574.18647930992
126110.56152107805
178687.73955572362
57269.4425440458
-7494.331777684129
130774.83563924814
-20091.83113654655
108301.11528941995
-18393.00923411004
4279.395040324875
7736.783381282163
177513.31101700547
220876.51734908842
174313.37285073998
87166.13674380118
66397.39020652416
306867.327217862
300594.1627588803
173447.382091121
-21043.499901377334
77623.55995665843
95487.45301715762
217079.26690587224
171058.54819262685
67271.19263941016
-19430.049795789324
-38087.1388709038
68687.23304058397
152363.1436264194
12092.94962364593
-89552.10686183456
-28501.354162731033
92361.52796927473
255846.23601504051
90268.22065897963
55726.21782921668
360680.33392822556
-100933.99076385456
-41296.24729268742
264994.63116145786
-53332.832185221196
106994.9323337678
38056.42634299353
-94965.43609753353
243942.52855316421
-17545.37674150696
41418.32693003766
105532.67968802476
179632.1577667719
-13245.77390020492
55774.79927790213
84849.5657457043
17486.504228125457
100851.12047122969
167337.5110974451
90707.0385156245
-693.9179231547168
67363.98062768865
269828.7170993426
6666.263701395015
17920.48467378292
56601.580026984346
114542.69762709981
-1165.5488703996525
147453.40869532299
219755.2155437413
214186.53339748827
277033.86455775704
59554.34248802968
-37803.06561368749
68598.72559498793
114444.2733841209
28067.698897002927
-96744.17141864015
-27025.340004241327
158673.72121174584
301184.6372368099
65097.67267145407
373598.6935894699
212612.91960720575
98654.06220015747
177142.43630332116
-8078.536621589359
-47885.227083437814
169180.83573896566
123731.25631151197
-16190.086958848027
208911.7014041828
129695.1920164421
144904.6003705617
234034.50382652073
-70839.53317067376
47441.156433270204
115452.34471845612
-52519.81151910343
223069.36999811503
58702.25285378047
143545.63536870014
36860.10765712103
-55756.22672022054
91942.33915704754
118170.88523998915
40660.10747824392
-31559.375898553248
183969.85951682503
18682.291839989215
13300.898421499187
112812.55587925756
-14413.719606681116
122656.02443602285
180686.36000307457
-128779.95021816803
4394.660495963792
42911.49188994296
50325.187629523025
70885.52192275308
73838.37545929944
188015.73253066425
32692.719601099932
-8187.456618206328
56301.43415699291
56068.859506420835
-23233.509293824303
80023.41221892409
62272.65314217229
54738.70010298853
204004.11335873095
-60521.01286872351
133044.10736019383
158310.39908995424
55317.00826021438
76687.77259347394
-44000.26911759851
98689.53814513102
44722.60901767538
54749.381532389285
-12576.355531790323
-26857.905971781656
106380.08766775939
-59347.88807480456
112242.74125770127
6898.156595850742
172949.59977573506
160643.95442086871
126688.35984129166
-10079.744086516977
205754.66235195808
-116342.26923666993
150089.65423758622
-33555.03082354105
69418.02378144309
106236.99872544903
-62678.300952979334
-16398.910190571434
104792.04156966324
-17999.43417632772
151663.22320984135
-120353.53299344011
39448.99190945218
-111407.78274021758
63694.37920269633
67411.26284819022
78450.7511930871
184367.76487981246
108929.93117735018
-97839.68170139019
-8078.536621589359
134019.56299607313
-73383.90243614657
-89945.1123657175
114746.0866048303
164558.206803321
165328.57931184047
30076.1419598829
-5619.236023116813
-49741.27621526059
-60521.01286872351
46011.42183731152
-106094.70515883289
30101.235393978437
-77751.20184722729
284653.70357849495
-37420.394892553
56858.42152460661
-1193.901957870301
188429.55258324317
160803.07445951627
106897.69266772232
-28467.89626387936
100149.45535955435
87557.34325410712
1425.515115811082
59043.62394238998
-117362.18057373064
229156.3614521946
25688.641164653563
145101.7797961001
134496.56200727064
199096.62891138802
78711.15394097644
53762.63033579466
64306.69297893282
-18741.788853105172
-39165.85257040935
29801.920941430843
35724.1024042399
219501.87931816035
-72167.54763042871
-128593.73756634098
4729.6980103671085
-110108.6630228482
30533.650444360195
209147.8276822774
80489.24628451766
-90252.99290126833
31378.98925870579
64306.69297893282
279977.60244786297
51834.81960872255
161442.74252319848
114926.25842496214
192962.9229077975
35992.6823223577
45127.0578698529
-51944.73781838972
68561.89632489755
99252.09600400153
56017.71514751273
-16495.962353416355
43127.7065467667
57915.42818332055
-104998.97934385994
-16190.086958848027
-140449.86814351578
130987.81620063371
67688.99431987815
127418.79359188818
279363.952609141
90769.23651677201
11779.167422938444
-64477.766643315175
122440.68937440525
34841.44197875467
260754.3634380231
-38988.259393613494
37293.35091981274
186595.0771205098
121607.21422695204
47571.50531895613
-17369.528485015268
114304.28971736981
-88304.57939576384
-67810.30209786203
167970.704679855
-156813.5803362667
-82903.76052520674
-69091.38358596212
160428.7723260487
123222.05733557418
155053.63337496214
105725.5795651998
52205.847430968075
54942.966175125934
165018.14193738482
129837.83524892078
162355.2084850943
264711.8708792911
-25110.159026376656
187839.88421472433
-8732.139333797764
948.6448605168844
189840.22228487034
13899.88323352085
54452.17278113746
5830.4498298283725
130972.47224057808
-26758.910098571636
153010.06970845416
207896.13776999092
138665.38927212794
66039.65618350195
-3221.6017149574036
-51509.22460326475
98986.99182260386
-88917.72994852703
-30578.71351366934
135256.27983220495
114782.82441074378
48604.34620988703
-24596.262163102772
97706.83203944865
28109.414267872802
171019.4589755333
-104215.65326283261
-64403.6967089134
-49553.51158230561
31250.828921449123
135306.14107358095
150719.8445072456
108516.5746965016
-88801.16037669627
133396.77377183025
144308.4315494288
78899.1575982544
163667.6212644251
124902.32243760981
-23344.681944869168
-12668.000963510654
132168.68574455992
41585.47801923463
-45342.32565733607
-135102.1018330005
202695.72777647118
106078.1876559871
111615.43779741242
60368.415455342445
124426.68285883107
-4586.454279267025
74081.12142114127
202602.2328521068
90265.1075559216
96705.51930123306
85099.20392978503
67411.26284819022
109616.76009055687
139188.52915273784
53931.19849559736
46938.69090892977
94224.64045745267
22711.48123284951
70251.44030646904
189504.7549385748
116055.00432382402
-65560.97701311126
-141965.3283851527
130665.51982424449
183321.06193116735
290881.9676567976
79789.99272958518
177397.2421038872
-21947.560600223776
26191.707677622464
-71236.18637489245
128426.71877544463
73198.13759326325
-2928.1694714703626
252526.41934251442
-52519.81151910343
125102.02075561276
141709.49211131208
-8748.906701966058
54917.239866808944
56601.580026984346
-84825.68283571259
94066.7226759023
134152.67399618257
86771.8032647051
101726.35612025521
36407.12066422423
60821.69674400711
31163.28337941388
-25297.108651509494
239459.22416922226
139887.85986428917
181467.32897108718
86517.09002560451
161378.90796684267
147226.00301518338
114514.2132318835
81665.64305337504
26481.628515786244
7992.7255595119495
-63294.470323009824
29967.310137221095
220281.83527077117
85494.00165127561
194626.17388560082
33437.93685753749
92554.72701148965
53978.6217854069
76529.56531894364
158231.24483809696
-56389.53818887178
109609.09998520603
132400.65925143682
-78329.39538003283
-5273.872546267507
160473.26693586126
188883.56393967068
75662.70634627895
-62828.36993991144
82783.85772071134
162575.24692292826
-26147.34839855264
132806.45931358854
133393.77352556074
7358.42439233826
76.0713740161591
341614.0301226809
44722.60901767538
197040.18433784455
146537.71439874393
208992.86340288143
117730.96888167868
-73548.8953441745
11684.13528886946
71754.17019662353
185468.3454961126
186069.7653000441
6933.748100773257
-42408.7803654351
109880.15021202466
-6297.669004483803
270362.6468521826
-32517.302307398815
-11501.106005814407
101287.59888362528
-136485.19070925264
28405.348379721654
39773.296502500285
127226.03382895734
107223.35028281421
92128.43416644853
171506.71553519048
223179.03602442244
159179.94634775832
-14720.058870594716
166227.69297842187
-38117.03555998065
168339.53531397315
21258.958988048093
-86289.2763252201
259634.58864688603
-23845.60844324273
20711.650518144306
72076.56704801164
-71942.3464440289
155420.4665679672
144004.35789081937
196437.36926727288
-21608.423422382213
88484.98929974133
207195.76926675515
146907.3519451075
111454.34169520377
100706.94676787878
34932.528168957324
-19313.412879393203
263289.3975640718
79968.11429727594
116105.84068785298
206751.91682136263
117064.99540082445
76361.90142920008
55051.11213881457
208724.8898506639
187271.7824785409
12293.855311953608
192217.94216652046
51522.23943665129
185219.230464611
191808.16656655623
113864.41499421347
53310.365356586975
-18679.90716710288
-63237.43189395458
116824.78701331452
39724.543729356046
10998.3202231799
75348.4834697878
8196.211272796732
1097.7303237177694
-62215.66568845557
-13512.022342864933
15722.294800082193
183797.02914542553
-42026.99900825693
5175.0965812929935
183942.54708694416
47738.88644769256
169185.3615716159
205205.40675407968
161647.21610558825
15159.46690257929
158189.81149217638
-29581.442563560006
-95588.13575552628
49458.280225352435
93335.2603583365
97324.00250315348
-57395.4153182123
92188.6940640516
119233.19643034045
138826.18047112654
-4586.454279267025
95985.9274577221
12295.935710798723
50808.98630503593
20108.067769841342
144987.40450648434
78632.69442777072
72099.0474112097
182191.04737233586
-36836.86262530567
-61624.117631513975
110968.61757450475
13383.929030749241
-113921.07296157817
-46138.21948215377
118360.53513771054
9240.920503886737
99105.00692855843
476.50528055817995
119619.84993769886
-57979.674886210996
40405.52701305734
152261.13239870386
165799.31340741744
187271.7824785409
129700.99537324667
-43439.935218518454
167565.20790799204
59141.7782728257
110221.00751709484
-30812.072290086493
-119861.15792566031
-21654.813790508313
270362.6468521826
41585.47801923463
-50904.714330001254
144070.5282992542
48152.8961421961
9715.66165465382
179686.57206202135
178235.6753443244
207711.07080813637
254629.11693801676
111718.13264996448
-68055.16877963752
324692.3838769052
153776.00913396227
-33725.85385233759
26046.61677814078
167189.0899375742
189771.71910054423
74517.95137294583
-138747.2170598291
76800.77830122328
-58371.50338274788
-70346.09291154347
-61799.89304714449
165967.25735787465
67474.87053769424
174289.86976115452
243722.01545710428
68462.69425179761
106289.04623692548
300659.99590865744
30640.84548162455
-45615.89208210142
203735.32965101968
84483.71666563198
271294.00351507094
-105392.50788391815
33653.63335710695
101968.39864128656
-65559.4431573264
85380.58720893064
152305.77421817926
-119432.03441756353
32031.41073993897
129931.04172392897
181881.46126877004
7736.783381282163
-39305.646161571436
-12576.355531790323
-94837.85799684469
218014.22941800844
-46496.10309222029
40098.57111374011
-921.3198187077942
7084.524292006579
34188.791758435575
169263.08696560437
249079.58947330748
15392.419885555973
1872.3337810365483
173515.48808956385
6261.0386538142775
-28296.13705521013
131143.8802016914
307655.4542459716
113361.05805395379
214264.40698339543
-2481.1620590989914
92543.94826726492
221759.06922502752
115633.778773052
134003.8219138991
42311.76284861134
34627.687213135774
176705.56847147882
111938.73059803809
150720.0070547688
21289.129232826155
63627.05831082813
103770.95029910792
123401.57263010152
78105.67404024681
76933.20425461017
266778.4380141163
107277.0659926145
26413.022613545407
119567.85092823967
124463.19956325453
36329.866461300495
-78526.41907197936
3064.7854662463797
69034.18316259685
30059.496979689146
114304.28971736981
119750.49089508111
136953.390966777
113635.7377808165
79724.35728584431
107090.93747899176
203200.29061406804
55875.444484089276
134498.78578769902
70408.9228171877
99489.11635102394
179608.134319934
-26570.184187884966
51163.42003630353
-28777.66304469631
171535.56648512668
40987.12631056273
21980.43528847461
-84825.68283571259
202136.8691155506
70383.35201030059
133152.72516351796
157792.55858592753
106080.75615585248
54738.70010298853
7010.149411020917
48797.96061657855
-46378.79820318517
146390.59389612498
202695.72777647118
957.4158026210353
162982.26290476008
123424.24802379351
39958.14400328982
52655.01405910842
100800.25947290083
-15791.492531420576
60368.415455342445
251534.49712114723
184200.66538043856
51549.047983578785
122724.01543088237
-210.26183636115456
136337.1824868266
155267.79748582508
-89552.10686183456
163136.12045220318
34188.791758435575
85038.96724213962
110190.82267573781
42636.96344860591
69980.59114413745
60394.501604426034
-210521.81127697718
36758.77079532344
-101648.67659827063
-8141.045989103484
211679.85472090056
61681.36467308679
211597.87448548578
16058.335598860795
124065.17286792492
25992.552398428234
153808.90647882025
281306.2370708495
8264.437016661483
-42017.30883411299
189676.96400413467
84527.07392043177
58104.86210410576
-37477.20566951734
61681.36467308679
71467.70035795135
56633.55656420637
60283.07191398998
115255.40851702986
41097.06305584383
117822.34764526662
116091.0148752637
12325.599473948343
46152.4146807592
45689.79739192207
19368.92946864426
-97184.15752536224
123603.3594733219
224061.21392669927
15390.933299397206
-13674.522285396291
43991.498868351395
31225.211446762056
58104.45507400343
235052.7407489301
151669.2307025905
149519.88475007837
-47499.56108708255
59590.99588066249
59043.62394238998
-19080.964715564493
121425.91839111422
142178.50688657843
149424.8746457753
35627.03957536427
19206.07190845294
207284.42349530468
-3887.6936546178913
41776.568778446475
77271.60758064805
2230.487361730906
89492.98020552135
334284.75818421197
137541.10481020476
-91787.42241893357
37246.831544017776
-13817.122230489113
222174.48002253997
17411.279790873603
-137196.48725670518
204541.69699994184
-59615.40781720588
-58700.47874903245
1004.9913563811278
160474.7151951283
16668.026310974114
157659.4324966249
60799.438516697905
102191.81896052054
4251.6980862869095
-10042.829008431218
128817.27908943148
97054.33041530341
180018.94592499308
177370.62719338204
-125188.66016137484
80610.97924182212
93056.60766024538
92098.88780287631
126262.32067877628
76818.72639772278
91339.14884178227
48147.87842242987
-11534.566496116386
-88203.21465758237
70295.04008267191
-119801.91941001717
80952.94801852661
138717.80638281628
-116820.23118328836
188712.00983232248
142970.51305241062
-70926.72900928985
146794.8576141402
150486.02647449088
138774.12186547072
40591.384645566664
251529.58030878863
103162.25321917294
62192.176373864626
39458.905161849696
18420.780821781234
129680.76286344332
17129.98157690622
96402.69332381747
-43862.7587810617
41744.378670733044
5799.670974791225
178858.39845796136
130665.51982424449
76829.22171751996
34523.34495316047
78389.90779478932
80016.19415126041
70967.77906431362
184200.66538043856
-34484.24658785727
-133968.2963957059
40121.57474128413
84570.00100032831
124463.19956325453
291599.66965806996
68421.41852414343
-106686.31101794585
-47277.47854592878
113563.3347461416
168707.31555324295
7194.698013426998
98124.99802123994
91884.77932100282
199660.27229559675
95578.50503432832
-59347.88807480456
79836.43134536147
18218.987125579086
194913.50893260824
66196.52963685055
284602.9063720927
-167033.20913149606
110178.8546355635
166768.80701204995
78740.91679191838
144663.7874879705
123134.11720364305
-36104.47432455943
-15600.839686320483
122683.84383738093
120790.32124917756
67092.4028756642
99291.91277145162
-11530.684345795205
200700.0826257597
-248.15388106711907
-1427.7461887823592
32576.26413172509
-33207.32207297228
71871.80994574931
139188.52915273784
141248.6094025516
50209.34113248185
-68489.21201838201
91202.73686097408
170587.39539868635
-118849.64054717447
-38156.07379277599
283839.90147622855
138774.12186547072
222264.24204431896
-53778.14444943688
48153.50645318242
206872.58433933032
80821.82764059487
77452.17438211042
113790.4597944637
283839.90147622855
39627.210462752635
93470.88248568476
-41993.02641765484
140927.6781948646
111966.48709363156
-25574.932000875575
28641.364155670744
20111.822562112167
29320.58284267017
75163.54713686975
-28740.527258433634
-66743.5786312334
27530.384413841704
161104.22077788573
19705.002144598082
-65450.796795511065
134018.89700902454
-102339.40026633482
5168.4347750663
100909.08217758256
188523.56198420635
28650.558407554738
115452.34471845612
53264.85381114625
-58229.87798759155
112721.50070526039
35241.84839608814
188852.52342785324
167955.31687724218
72859.85751823019
185121.4698950817
82976.82422493913
-164583.75564994285
-26277.466851325633
125852.18526126527
45798.42407178889
170490.60528481612
128427.32785806982
96458.75074125612
193390.9033847694
-35873.81459925845
96241.64939515252
84570.00100032831
158673.72121174584
113175.18603155931
81380.11831723788
180018.94592499308
69440.3829302948
31303.651955326495
255742.24591992339
100309.11880443855
64279.98781306551
61154.15874132064
121776.09352530676
60171.98040729339
-17952.168618690863
136304.69390306296
153629.96294260368
71105.37943690803
-35644.08306588285
23233.492308739078
56848.64699737911
206032.41696195822
46814.988016353505
92096.84728862856
168428.41922579287
22.85300874483073
41302.92357701353
58984.453681339546
100779.0345259415
-36533.684963650434
-30259.953957490972
190507.9000361425
61460.6633838882
121139.13058787634
36050.128297978
1534.2556021256896
282146.89665666316
52128.94573750158
-28293.689853111777
215767.13353751303
80784.75760658005
-52805.04030572077
255140.14399937305
-62870.74336984471
147592.0528922453
77556.27799270551
85639.08834715583
17638.15777655351
-56249.24528442655
-26506.205206213184
171668.88671893225
110440.36393991677
65738.6363539684
17748.64127724176
87254.17391840645
204010.96312376333
177506.8138409073
-13125.593321315246
79302.14254980386
184765.4454626844
25920.854737910224
73242.41401042466
-17366.1322188903
2279.146995156232
132457.08994252805
137576.519755421
283839.90147622855
246315.110016103
-58189.61452602176
97663.27437509425
104722.21523130774
77688.25086287086
96907.10775891198
-1990.85622897328
47560.18040416756
79844.13191047017
97235.69935170954
187349.494794716
160579.57942199247
62009.57099175554
312244.3477242464
21054.116834415057
70553.53173835095
36682.661374115065
-66354.50087425025
119914.84726243337
73775.64971778328
177054.77970026678
185121.4698950817
90481.10830014742
146308.28499479097
59499.83748694264
-65190.77072361231
14081.7523157408
-14088.118036069762
87884.94586935974
132687.64464827318
-123520.40099277164
10762.259494700535
72214.50795453507
58595.01005835685
17553.99582955073
34627.687213135774
-57668.60794528137
237985.94929931688
94959.2883279149
27133.79323411543
31378.98925870579
38519.056051033396
185971.89395626565
70046.54160308644
46413.35381076804
-46605.00492219841
122887.76762683879
168595.84745898895
133682.8424400287
157793.8454667325
119233.19643034045
56739.55751526326
-13770.88540593558
100208.71948543303
170045.8909262116
-51307.153740429116
354553.33353592333
114479.72532033466
157640.2898214593
-84098.35905871418
138654.26483232374
123078.69913396434
-21262.904612031314
131688.66727792358
-124607.28272425476
104142.87407196098
160976.93325963465
32886.42869681051
5303.821935568427
36625.82341648866
119128.40809268804
156105.66905905088
40224.1130270262
154280.52823727595
-19798.243194589042
-248.15388106711907
48185.54556991468
147755.30520014674
75348.4834697878
319526.95393659215
31378.98925870579
78309.81650949213
30059.496979689146
167324.3169246255
68752.14993532196
123118.59913782598
92170.7386891918
115632.64034948646
64847.68224790495
221164.62825320888
50614.106187715995
-104998.97934385994
62145.34047029287
95966.59049036834
72027.2425222554
59966.96074766857
161172.24704978775
1652.8450775716192
-16767.12215025362
62902.761144956676
106947.56026623781
85284.97441290348
114514.2132318835
121581.37531819544
60466.360649654845
70515.8442330932
-11246.931388623678
24778.73995276123
111461.45257280774
78496.34373104024
14733.518951392485
69180.76017152383
65738.6363539684
209108.20630504444
146287.00343863224
59141.7782728257
48153.50645318242
211388.59955592293
-22982.409902711355
211734.74206822747
-85125.83689379261
179569.53694632614
-160395.44075692986
-18289.414440626977
56501.549278045015
52393.30622478362
197641.84344339883
182256.49453173616
192142.64217726863
-63623.512469248584
102837.74321523149
95262.8592846695
141474.13854213245
168428.41922579287
-47004.58467401448
-74682.92739868196
-66355.70608866942
122212.77307193009
4841.220807083853
-47712.90897066973
-31845.880154312894
-68366.45375306465
90874.85072095606
64279.98781306551
30933.75420596741
39536.61854580582
117064.99540082445
-31834.469446719086
-51672.50602498077
7046.002610062089
115250.97559751847
89961.89091862114
-152408.8090799228
15436.237960953273
957.4158026210353
141943.47973521132
106148.29150302886
155532.4233631365
202816.6546343002
195558.73842162034
102263.05048434323
40156.979010206785
130085.41111665749
-9672.803914713266
149206.23814601317
139805.51849658004
11704.540389719521
38632.411665125685
108023.11097066334
-9456.834037138833
31613.593222724558
23226.158909129183
146976.67372575053
120650.26121164858
35214.40332852791
58968.94672843292
88710.56656238955
-79234.34020852286
-34299.35271860476
17553.99582955073
-96007.25956669115
298648.1228244339
240898.79264172865
272019.05224982614
109593.75466299521
3699.494058971133
131672.7532110157
-684.3844385485281
54229.4161025342
51493.08569601513
81006.5666095956
148398.3286782666
155585.5830883899
160428.7723260487
23520.568736136105
77623.55995665843
341358.3633857268
286158.8643030444
224061.21392669927
41686.45775683756
150193.13912816058
55049.354280295054
107118.88811506778
130724.1721750788
75190.40841986272
278507.2670319949
-135202.8512490194
-17714.56217438134
150636.499732317
-217085.9994891184
61819.692042900744
-90111.56745774345
-8775.84474186381
108443.65465785941
-7557.525328893142
151175.6363897628
51373.06470942269
278507.2670319949
177054.77970026678
166745.57268531885
-37821.31731776806
58863.93360230921
144473.3700907498
151573.4513622186
110128.14367926042
378213.5011527457
237985.94929931688
-105392.50788391815
82250.34080758583
68254.67221798071
145243.68239016063
210893.67773461092
92592.27800538643
-48109.1006842153
175481.8866453511
-101648.67659827063
121425.91839111422
167435.57759846002
47344.3157418842
84212.55654812764
28641.364155670744
55278.86001842968
37476.775902592
333658.3636658564
76465.1555648928
272189.8268897211
-101784.95965777067
-21538.14399853145
96410.91059256002
47217.58745320882
28250.426745517012
95340.89883280212
96154.31875733286
6061.027422762665
105193.88109900538
85500.72047609703
140091.5036917267
25920.854737910224
194554.9708639374
62698.06597824101
109593.75466299521
155927.1489670049
211248.4719669972
105052.8082744863
143309.25972312182
114689.72677790206
117170.93673517625
-51718.633018002525
234584.52580221873
12194.20409845531
84794.47530944909
57019.70634188352
49898.195251359066
-43861.82306002834
42006.87345173978
-142433.20496262974
-84825.68283571259
156560.66035381303
-143512.38792657136
-11246.931388623678
-48586.9439117937
152458.64448654838
1296.494918575947
-28740.527258433634
100106.08669700954
155537.21937225026
-43715.5941438435
25247.18670832331
119180.64600883656
68687.23304058397
33164.98973544178
152312.9998647892
93362.93482300383
-105432.72089505341
105184.64666823443
313441.3849945903
89687.73186969769
50206.86119054885
84527.07392043177
45432.847089275165
107511.4062266147
88186.34249705226
-13585.942259815798
86307.71670419295
25120.441093297828
158511.55137448746
160758.68714480454
-86476.28131783675
55358.061239898685
141465.20728553628
60570.34361848622
-118508.8720782841
212436.61318273412
170625.44553293678
57790.95584196286
62084.06879921796
49547.61915956337
40322.57811986878
253655.197919676
-2928.1694714703626
-55526.040686122054
-93923.19878737256
220015.46507928567
95966.59049036834
47989.3781808147
79789.99272958518
148140.33595139417
87196.85675263204
84112.83431590543
143493.0900772314
-149275.27527477915
28252.655283388558
194323.08867176052
99210.46036367727
39296.021353479926
32590.14256656244
65563.97981403937
84626.8610946425
135468.37045106673
283682.14313055767
41485.3463878671
-110985.22638920462
7996.833326630876
15722.294800082193
156043.36488641181
-55773.22569414045
92044.35269104181
-57788.952455012826
78694.45521664177
-193168.74897300964
261685.88575609846
102101.12333785777
148540.87267358828
74843.79508508444
-11534.566496116386
-17199.439298105674
165283.3332955546
43450.93247292582
84354.35517658746
87795.6761105264
125199.56218481559
17350.480912803534
103368.95365574291
222755.39702559842
-83207.38890410887
87515.18321619096
209905.46362234312
113890.71213478918
39500.83613389232
152305.77421817926
118318.4071958023
179646.7413056296
225934.39077144954
-3219.4731344038737
219182.4741979741
-64798.07291208775
311075.3904256936
163909.21620049278
-53599.53737372361
163612.17038122547
-147612.32391362204
-53403.462352396586
-103320.57141744386
-21273.816647428437
115468.24800179986
167749.87064240978
136707.2618898828
235206.70646527084
-12636.893874803616
130369.56853177605
99304.49773988409
-6074.404901617279
140921.1546825122
-103017.44970147306
67108.68095032526
227596.4607200685
74313.99995013906
188783.06489831262
67411.26284819022
51147.90376283444
-54339.08745946294
15962.006247325764
90437.9822594685
307154.0857306207
112668.45984816941
21266.273834720807
22672.07463016321
-90274.14187611153
158511.55137448746
-45615.89208210142
40242.829801098145
91616.89722584936
178188.3515886342
54661.77649032914
102743.52464868984
-148489.03774491715
279448.5027298569
-113769.07411301037
6933.748100773257
20111.822562112167
83341.8337621786
175882.01768095102
17604.002694118433
-33659.90856831036
115866.90664266347
27988.30120388067
90305.01709389428
190507.9000361425
66196.52963685055
108806.70322965187
110279.14869606459
-97184.15752536224
96129.09877238443
-6695.254388713962
160758.68714480454
152532.04917622544
286340.5807374309
-67953.87696137925
47181.818320368
88311.09207091475
59966.96074766857
67688.99431987815
144663.7874879705
176908.82084484457
96536.5210091484
-14436.755148595636
-65190.77072361231
234684.72389476435
164901.85689545528
-18898.613959109774
333097.15187297063
87557.34325410712
-7494.331777684129
60513.806401681184
19144.827286424763
158104.5609369397
-94315.44910891217
143687.47641724558
29337.24287811434
-65338.48432348302
-39111.088342664836
110710.93898689403
25939.543050401007
165170.88240361126
86819.91691445923
173380.76137323078
206556.95255822767
196437.36926727288
77271.60758064805
7127.549030561844
85262.44925978732
171714.50713635457
166346.22502595815
30637.1303353412
158569.06199423643
64427.2204227846
16874.58402426725
60937.8971934631
110296.7586748926
80318.55274047796
178272.9807577422
75331.5427107462
100909.08217758256
76800.77830122328
-77462.2904080856
-19088.22127626826
261327.30632687098
67658.25184568962
98990.8972476713
97889.32526728614
86892.2048396446
-68055.16877963752
82029.02540780645
-34809.087348059984
207765.7424713409
23144.043711601036
81266.41228091512
65343.282182316056
-140045.97082321695
70471.65088326282
70111.8507059061
134152.67399618257
110497.87508513671
254491.6728334191
65387.79691646671
191662.71136556158
129292.91089131689
166203.3398810465
135256.27983220495
-179250.67385078504
141769.5336561241
21658.806725578957
234780.07486111514
202073.0904513374
-49908.68394366506
159255.90038377087
218657.08909499442
-47004.58467401448
16586.412123819508
101148.48511258948
96733.60993600739
169148.57892531395
23374.51999193232
113563.3347461416
146976.67372575053
113915.42747436487
144500.02463286367
227596.4607200685
62434.223152251674
99244.79179992563
108443.65465785941
105244.38584884029
-118663.03913108638
140106.10696195296
79760.09096913734
55774.79927790213
90707.0385156245
-170579.26937736795
-40265.69805861215
55808.53826752174
-97242.62316269879
105521.29805252454
57915.42818332055
35984.66211403151
153808.90647882025
72076.56704801164
83493.16805600285
23473.14750719531
44794.20252021102
95484.73715383201
211363.62420308054
176364.98500620853
203751.62562731843
192217.94216652046
121558.6169179075
95960.52112282143
142288.5643799408
141236.15168280114
180121.62615677476
114316.5835726549
509.50665044046764
114420.4023596416
-45602.89508646862
244576.92028723744
145278.98454097874
45506.05725439826
47691.74325161212
88513.29471386358
86923.3566605431
1084.7011262647138
100649.58720959487
-86644.78436921857
131675.0448053042
106897.69266772232
98689.53814513102
7208.405621277416
-19748.09216774645
137254.6889576244
-20274.9531686477
273643.5487890325
145214.59367291827
-57516.160676510626
147737.56241505014
82412.64839809867
-106829.25644909238
65781.23745045188
-19250.669024901712
40814.86244787818
113605.3941466278
51598.61345234997
90305.01709389428
133396.77377183025
123452.43172009513
160866.12154506927
257534.72593036425
88015.67550319592
95414.59360008659
160009.6287430445
176364.98500620853
-175117.11587314517
347435.925240336
48665.023292244994
114316.5835726549
-93999.6371367838
-32942.7381728639
158508.14094190625
79988.71955074018
116635.77307316316
138792.57230068426
19241.011722028903
148078.7045038669
102559.15550371673
71603.84195304794
88883.01866673918
-5058.809995925563
-68636.06425028594
94138.85814011167
194323.08867176052
-142839.94029372223
-26735.67555602583
117762.39504177432
193960.99020744697
132298.4017711179
254594.58029019437
47318.15134009438
-21337.72391276725
-26230.5290043164
-64088.52370416306
46102.15651393679
-56589.76899132252
117194.61297608908
186732.6933379277
207765.7424713409
-75100.66659233838
-168662.02828516168
99678.29109215943
140921.1546825122
28942.619822665314
-151768.1339411563
110907.76603966119
73729.31463243625
201263.5305505391
115283.1240160157
96578.33999833174
152293.69521457434
-147800.22115403568
153357.15975046906
-31713.418908408858
123660.7691936624
161628.9336283853
167185.9830030158
198694.88218481748
87833.47982455342
39121.35223119658
-40138.19656713671
11340.307875366205
18009.375092405557
171535.56648512668
53421.13238175463
288704.80387875496
49913.94929546444
94328.03129238743
201198.2049544261
4884.084173271724
-32725.45233490644
201989.43629325563
-63251.275524790195
53821.712671956586
-74682.92739868196
81336.3008865553
17162.233768295213
297737.74818145635
26046.61677814078
178197.35926546025
113472.20299909392
89492.98020552135
23970.140808387587
236466.1290780878
115283.1240160157
43014.08179556683
70081.03664874844
86448.82780072663
51354.81782014604
-171084.34557276117
74037.49822734887
11253.7765750244
-46010.03255704712
65204.48483792889
78194.78983320277
104910.61583468727
-42955.76890911069
18420.780821781234
58345.04609135738
-43715.5941438435
123915.22047505298
-3567.3818714407826
81821.57334522271
122328.84597486595
218776.49723783325
15859.34492262637
122656.02443602285
163610.3907442965
-40972.569522417805
167512.52631050604
-1980.0025135963951
-34809.087348059984
-7006.8752045045985
219391.61152072746
55929.68189563372
279977.60244786297
74757.17326841758
142602.05963970016
170150.23698928696
194519.2849814582
38046.93694271237
43569.57318028495
95966.59049036834
142469.16732194304
105861.9442309969
-53144.68826938965
89131.13188930902
182647.95097470738
-29092.059461420416
-74305.17891399865
83089.00564303232
-40268.813522496916
154034.27659890277
106080.85676690127
56936.481866865404
98006.03116391785
15165.811347716626
-15319.284573405996
70596.20219858627
123655.46215951523
77554.18745771021
64037.82158580571
-1399.1567057353968
-3590.2181928604114
-52094.92471303401
164294.97507507424
187853.12753397482
-69749.16999421801
104987.31582207589
184441.29636137074
-8587.386463290793
42474.37260119208
166182.3636462398
103352.2886843499
197730.68398065958
264391.4588859647
-42501.169389220944
33138.497454396056
170204.32061647563
125543.47882787732
-26304.559274246625
77535.82110266326
173285.50938955953
-127365.837266324
-129948.9137667401
50231.55729507812
49898.195251359066
328364.24938220053
-34122.78829447088
103471.46287160672
19382.651858748402
79729.67148666245
230091.02678725863
-86261.24203579841
176639.71053014987
78496.34373104024
-53832.72716841419
28578.578205986494
83124.3638620076
41963.86938288812
-37333.49074122163
253133.27554317456
51639.1628676603
476.50528055817995
189234.02388661672
78313.67173789273
30981.70182222256
-36135.55076956612
215767.13353751303
4682.481924181528
132418.29022373093
123118.59913782598
33794.895734585625
-57424.65814021489
29471.1097401366
54311.09516710973
96002.72062157626
71001.63456877296
86147.02020502425
87515.18321619096
53916.6269933507
154491.57858428662
-33555.03082354105
142970.51305241062
71840.40809811157
248620.98818131743
193720.0261867203
189840.23006705655
68107.97407604418
23144.043711601036
156062.11955271676
75675.03317799288
231198.37349829587
37571.87220416117
351178.14067854517
182147.55165735947
-80333.77110462598
92131.57948169646
91246.87186162989
252627.97193688081
170560.3102234378
71835.89374663256
145945.07425522074
228684.89423701772
1320.1401680772542
112701.5017374531
169148.57892531395
-71913.85257036847
-90122.65916946295
104722.21523130774
91252.62496149408
50626.00531302199
56574.58090381319
89218.22783407559
130176.12063924299
95834.30542637798
12866.156797035546
98166.59544992102
13664.993156652985
100309.11880443855
-77495.42324874227
-116628.02083682234
72099.0474112097
4251.6980862869095
162134.33256320847
135857.6374474281
63813.450159605854
89656.80338965944
37460.37112879737
129292.91089131689
159386.77210012564
-48478.72186592901
136254.42294110163
140969.45053593902
-58433.68702752571
253808.88976238298
133972.25312710102
253133.27554317456
18130.751099299523
88933.11130699264
-35008.40587420974
142372.91309918143
63976.37254180936
54107.23825285128
70533.95077638866
15390.933299397206
297146.34084242175
-63977.79705134503
30051.17547230907
41195.31527209564
138368.89241664164
105123.46971288163
52198.32853813353
125469.11416220604
231487.3215053888
118112.69854499363
-102448.79354880648
-76984.14101377947
34518.6742807492
234080.70887884393
134898.01775461726
64534.73509932733
34340.72840405272
156106.34564059836
46149.32129030448
8896.719502374544
148261.94089881485
-8681.657396896393
-19714.355560876313
42311.76284861134
-5058.809995925563
202269.64536039045
-8748.906701966058
126376.61135798189
-107564.14167445744
-63056.13043266395
132731.39377607033
47691.74325161212
160920.2887993169
-28887.77708393133
147368.47408261002
-67723.36637994717
53433.81999503494
192376.74695764686
-20091.83113654655
63772.018772780655
166852.47453509478
52578.80956591531
104119.4532894217
82543.40432138603
-20274.9531686477
165967.25735787465
105334.14614159647
156472.7545607118
75856.75931303197
74192.83804013208
57790.95584196286
-123078.89568341148
53932.28805152087
280096.47136934125
53264.85381114625
280698.84049820073
151810.3172159438
64381.2585448853
-9922.6526130907
13994.248024867615
65264.59139148517
53799.899827778856
113213.67403139971
252083.81895874458
177525.19865089818
235116.27757125688
-3348.8781808427448
204168.32794001442
77793.36178120766
166203.3398810465
17415.717710060773
6087.5683414952655
109880.15021202466
-22139.97326747561
114038.56257318427
91345.71472271305
138917.74278337034
70090.38806546602
49299.668882621794
49766.091743957746
92421.622122688
169913.12569354344
35814.941729315884
97159.25601160922
18744.22013151036
246315.110016103
-29849.139396802566
281816.36557411664
-26361.682324244204
-18172.754696696153
7483.6494025024585
68000.84936040486
61490.05794096636
289245.6573494727
69073.17304891761
52560.07391021149
175071.89185238315
70012.2975589444
82079.84399607085
-116939.93839014875
216692.36236739947
40987.12631056273
38016.48032287494
-38030.87784220697
147299.2739050559
87548.0043574215
113947.65686012243
12912.438896968757
199169.00788946333
85250.192412048
125102.02075561276
467204.12156831136
195484.31273379244
-49632.89399738026
-9037.28904658278
100319.03868546934
220876.51734908842
35876.9524353479
116281.32158691951
18849.033675207516
189676.96400413467
161798.0242059186
158673.72121174584
-19494.594869754073
235700.55752672662
42760.07585050272
124099.33575488822
-66479.03715771556
95112.48274318929
115824.88776131967
115148.83580876206
-15350.782425932368
-38935.410795033735
157792.55858592753
-56314.72332517998
-17654.287340415685
107993.33677882685
173269.82573667917
-55556.43371228363
-85754.74600987075
-49262.60985854328
72084.67909216604
4870.33780095735
143419.76802932558
89891.07121454657
9056.007963965792
118318.4071958023
5504.682357346785
23472.465406655196
71987.7972403372
2121.447610383897
156062.11955271676
199296.16085340676
237985.94929931688
-100521.22608178042
-71091.23918174376
71835.89374663256
145395.7883627143
204628.57181648546
351178.14067854517
-128034.71897024315
113710.8063059815
46008.653163617884
110296.7586748926
104910.61583468727
189840.22228487034
162570.35963981683
166513.80753838568
142064.91976433125
145222.58842972523
104455.2856579456
110546.8389677467
266022.4134008256
78852.71581711071
46925.37301346095
26641.454679906084
37060.544319877445
83705.7184084902
317239.90785183763
65990.90356758337
189247.82303920086
55396.49714014401
-19603.2766698802
201208.63205672364
18427.43668582978
185758.17362223932
3805.908547832354
202415.11468638366
-84501.21307228878
354553.33353592333
-122396.03392948688
261931.471712057
16695.364791775668
32127.539528106085
81336.3008865553
35814.941729315884
207291.80824100244
134611.05243974214
55478.84917087999
45023.136205270406
299151.7179147891
233239.16046912517
-31205.382221765612
36306.32956185474
208654.18707400942
101301.99948993752
83841.05384459395
-6860.469229532289
156105.66905905088
51970.15992451373
170721.3703841524
136493.79492732015
-82879.6897334106
-59366.40311538713
-21654.813790508313
140637.86298918736
66535.40016775356
155039.1954429144
-38072.85851308855
170996.81999064074
50079.12688509746
-129528.90535128661
258951.6341235646
289245.6573494727
111407.09894155832
60394.501604426034
55425.81762880628
169569.5728359623
36009.79141131348
-7074.230407829615
232808.78987227648
-165768.1315794138
68380.24379081391
36009.79141131348
-49283.34598431678
-20581.18873968128
193856.08857966022
-26758.910098571636
301184.6372368099
-113613.96251808721
19327.387505510233
89532.26464647468
-59954.55664400305
-18151.435391862964
-20294.987466774503
176908.82084484457
-146421.02907197416
133376.17486220776
99017.8610210627
88510.68650452475
73355.65026959567
202928.93235258354
248063.88696580371
-15836.649329485037
193752.3696019873
-116071.41470553994
44373.79317922201
263142.7398953952
42757.300425009846
12216.856785058175
204628.57181648546
6693.691947860221
161289.1539355659
73324.38681501885
208946.43782037988
147299.2739050559
211936.87213299886
51147.90376283444
106655.22330135318
185620.82824504218
-21273.73262105338
204666.57132358197
199289.045879722
-16886.161281107066
-142566.14737568624
203305.3144219271
39793.13552522796
165253.9083508104
-39967.227163097225
-132814.61169583997
91725.67903576893
94103.64231976474
116635.77307316316
162202.51040060743
29123.951958031255
264994.63116145786
-42501.169389220944
28650.558407554738
11419.708456354361
107478.27175968554
31613.593222724558
18849.033675207516
-2598.503693052524
271656.3593476482
-37072.44189432883
135370.68148085818
2882.785478994847
222525.093188691
132133.51639820333
59249.52392515216
65097.67267145407
122030.8762664934
92592.27800538643
-8844.212189411744
19540.48336242279
120790.32124917756
62329.085893228796
-9417.823721566994
91252.62496149408
207631.23232389297
151810.3172159438
41632.57690798423
121677.5615813017
111631.24560844735
54445.38783047112
-12167.370427618123
285654.37630571506
-25313.863871661946
184765.4454626844
104177.21593159885
145891.28276616742
62011.92651252929
2889.211347425735
28641.364155670744
26080.781509452703
22016.84647463131
21863.5937751416
62545.15736930457
121983.94490353456
157581.7679523265
78205.01464916707
-21337.72391276725
-19176.196147546274
149758.4893281476
99489.11635102394
126688.35984129166
-53341.03809841373
-42981.030800420194
86884.88198591069
104792.04156966324
30562.04974050047
50325.187629523025
-38538.12285728693
-25180.339455228837
242912.88654563084
74933.68119041396
192962.9229077975
70916.33123455418
122212.77307193009
171395.08354243703
32127.539528106085
-125805.24718969112
-45615.89208210142
-49632.89399738026
-72363.07688227406
221678.16472436063
-9037.28904658278
82369.85454297366
-177210.5390609371
-29107.397881976314
129905.9513800522
48866.670346962375
-121462.52517920654
-823.26069221957
67161.4569004132
146794.8576141402
174681.77926644674
-33845.21536129182
128430.60142196345
88883.01866673918
60859.55184208006
199768.0731263747
61854.327212488926
67161.4569004132
102135.72888082259
189858.57982209456
-26758.910098571636
-49553.51158230561
211936.87213299886
157023.12276627548
53433.81999503494
138899.97233496772
-130879.91371463743
381918.5416041102
281816.36557411664
97340.29878140146
-133089.32677389137
64847.68224790495
121123.92221655254
-156649.9946636681
106239.84225236799
-143512.38792657136
42636.96344860591
81535.93462232726
69850.53797596916
-41993.02641765484
46477.88499560715
-25014.23709673305
184909.8938273204
32747.441433787913
46953.61853105352
96489.86534738971
194388.66111396
109411.16719990343
9005.997622193216
112139.06999860835
141000.89481593773
113317.16706213934
215987.3894154196
219604.36658043007
-8848.007679592687
37071.30205254231
33653.63335710695
-20091.83113654655
125738.35171965364
114542.66446451604
145000.38786824277
45435.62752708928
7493.408491847469
209614.94505482368
166180.99208261142
-146421.02907197416
72409.57951918001
99474.4869702791
80952.94801852661
99291.91277145162
-31342.858428228414
209682.35056976907
884.6927619490743
-317167.15751373826
-60623.02593173273
-119916.60521218364
204743.196426265
144070.5282992542
165195.22712966753
100537.79323591563
-72117.9622049852
164936.16184160145
81091.98840625933
166745.57268531885
36923.96522176099
255726.10061800963
70553.53173835095
190256.24539497294
-40334.14451045952
214300.5746071217
-14472.430683770639
134314.05394537834
104910.28385841295
32402.178763587282
31453.321255215596
166346.22502595815
114304.28971736981
-88939.17217610645
187270.35874014153
-25810.449831671867
104929.5734744494
182191.04737233586
47571.50531895613
93742.51103663103
-102448.79354880648
27394.60103107312
-67667.0661164962
155820.22191754665
166227.69297842187
12410.044710666625
67688.99431987815
144174.53040156877
87266.43632889
-811.0353876637237
-1053.2333354089205
-96664.11646535559
-63237.43189395458
-91470.53377275474
21303.15763485252
15159.46690257929
-8803.12621281181
148078.7045038669
3827.4742268986156
134764.0507858533
120876.62436679442
124295.41936904905
121955.54346643646
-76984.14101377947
51354.81782014604
29116.285359608082
21268.40476433711
50343.58930533123
-124624.05144493739
33687.2173336605
260918.093366638
58968.94672843292
51163.42003630353
141364.26824764887
159179.94634775832
27676.270501321313
-77168.57066986465
-19496.3963045564
163612.17038122547
105970.68449902415
-76494.01514954813
212137.2238275418
62638.408124663096
15390.933299397206
79988.71955074018
-54064.072133257854
284440.82771225227
154765.50094758248
137534.29132289175
-64047.05078148222
76818.72639772278
78998.71812723172
130904.8031785991
52394.85362114873
97822.57778466312
63990.98002643708
297681.18536865315
37197.520199183105
44794.20252021102
108903.862048686
192331.14517235375
45859.882291419395
79274.32692939449
-63251.275524790195
83341.8337621786
14588.723657774513
66757.77301656113
52116.76232675654
146794.8576141402
171989.44346422813
-61759.638179594855
-23233.509293824303
33063.26525605142
132178.21344934736
322305.4421589192
97807.67123507705
142944.89390048842
-32517.302307398815
84421.83544819584
43231.58740587936
-27093.044971762414
-37579.8729802554
-38509.564158587236
25499.173609964266
69161.58224500157
54445.38783047112
153980.52987615042
72835.1924517613
189227.5853634099
90437.2792850808
48354.2479666882
94066.7226759023
47364.18712927094
118717.73146316214
34198.60092061698
207232.5485013747
207062.5287100428
116684.50130418746
77930.68558324716
55992.404264121025
96536.5210091484
99805.79730787012
60030.6319221304
50815.39403101621
64427.2204227846
195301.89190943545
33794.895734585625
10244.89481558746
111370.17303485787
127863.05218915392
285095.7816989799
120903.19923230805
234684.72389476435
45715.68605119239
173389.96067300014
-59842.19658450075
129606.63143030446
74320.39791728953
42649.390282621054
194886.46345953218
43600.38346834312
-105432.72089505341
132023.79137855844
-67768.94284437288
88087.15330225596
-139841.00205237485
211388.59955592293
217175.5076999048
23047.811111665753
108632.66619957422
91382.99045710496
161573.572324028
93362.93482300383
54610.24203419009
105412.7904993904
76973.74215349506
13965.35851150519
292982.1406628648
4967.9882674255205
54698.402141016704
107846.64526898463
69338.94856807831
173068.16999274277
96578.33999833174
-30798.34677882558
69471.20927192303
-42934.7224825654
-23721.513684958234
160901.74796115846
173391.5438436134
105517.88002982916
113710.8063059815
104647.9428829765
23603.408290642983
-53945.513806022194
-30159.136865373745
107846.64526898463
132848.35998284776
105748.93384147603
119924.77597246328
201198.2049544261
11472.642410879918
94224.64045745267
171291.10362652014
34529.44001439236
114304.28971736981
129680.76286344332
39971.208363483434
82395.30120979837
138899.55760498357
179686.57206202135
61231.72446421554
-40199.319920345006
199660.27229559675
155880.03934970562
37473.35756777469
112504.53515366875
140927.6781948646
88484.98929974133
-21043.499901377334
256802.47773617035
265063.1253284755
56036.422817680446
65524.37425953784
106298.49424510972
167961.71561555477
150778.11938560748
-12367.393636406181
-205794.9843546495
171344.64597545413
51163.42003630353
-75816.98445050794
113718.06230942103
-44372.16026586093
124939.29799026481
-6311.096598309625
49461.31916760718
141754.6154891547
41583.598005768836
35753.54544126192
71376.54804839492
120407.32584551818
137795.6300439022
230077.0001997026
208866.2615299257
132550.2637627604
69670.24394249516
38367.09895709033
105475.6313307189
64807.00533155034
6099.70807495866
278126.3249145889
167555.54436582435
120891.33860514875
120316.54722012095
16058.335598860795
17129.98157690622
-43852.389901230636
-74072.19939233275
-9794.599310364458
133467.36306863083
13994.248024867615
-15791.492531420576
164642.15136083588
-42451.586047308636
31215.968609070856
137254.6889576244
-154684.43859168323
91315.08834095206
-47804.260761875805
78639.01580819875
26174.222245629782
127294.25405945239
13870.651231795593
3557.1401494766033
-59445.8774276599
131606.06408830735
45035.70193862061
155614.4814567065
42063.69511446987
-58044.88388574365
138017.53762353628
9945.42695390863
70495.24189453115
-1678.240475328712
49547.61915956337
86812.81920536772
261931.471712057
208002.49775425773
71360.08466284002
33152.52195248793
173460.50864912293
137795.6300439022
77013.78527481234
-6301.412883190598
124426.68285883107
130901.09507348578
-12386.338676375672
161976.65606522927
258226.73703395273
166745.57268531885
367694.5714678806
166139.6685842295
25771.39972416246
48882.03548956951
80959.66291643366
-16869.017588550923
141799.62025553818
27530.384413841704
194257.57777251885
115636.27276423362
-33004.56446897822
306867.327217862
38324.170628399
152305.77421817926
39048.53143877684
42134.948941010356
50808.98630503593
34188.791758435575
147755.30520014674
62329.085893228796
-317167.15751373826
102827.7201138754
63055.43326447805
116055.00432382402
65553.3443920506
-68636.06425028594
-31900.71568995026
2961.7381647242582
69440.3829302948
-124607.28272425476
303549.899932462
169914.981374315
80610.97924182212
90642.77436398987
27150.122328994024
206928.55615551482
174099.7193936754
-12320.251335163484
186672.0017138689
253133.27554317456
37890.965603227494
-46560.256961006744
161798.0242059186
144364.71893634822
38903.750435435104
179763.58145927204
-107269.99310190059
-4481.463471537121
36682.661374115065
34841.44197875467
159212.12656300672
45777.78184674357
184200.66538043856
148658.47857016558
21554.66360161845
69354.40680478592
128429.92669585231
113297.68185006977
-8632.126802609811
260754.3634380231
76213.167615568
131067.4901517441
-7661.907766529883
211136.38143692949
170996.81999064074
-150282.41674480625
97054.33041530341
82711.34651853646
55868.99685654798
265863.90511385107
-9111.83720855508
-39487.302869303865
52386.07416174869
104737.6583378996
156547.19702661768
98519.18110954476
100706.94676787878
59719.498850898744
134764.0507858533
349006.73949973466
39448.11461919761
-17296.624441831533
79836.43134536147
224061.21392669927
136102.70421991104
116693.84682965376
63741.716923152024
-85125.83689379261
17555.5789084172
225294.57679415107
68813.89128231833
59499.83748694264
23222.57330582176
118545.2436380134
123570.22469718583
283839.90147622855
-6930.456361110948
-925.3502922041953
67587.68672408667
278108.53491866577
142927.62106302282
74479.98020156198
60509.63734803057
36729.23982936245
257270.02416185258
107014.65815594252
-71913.85257036847
-61009.42297523946
107624.31169370515
80569.41726788635
-11501.106005814407
-51718.633018002525
131469.6164298592
123222.05733557418
82390.76119796098
30073.64784947283
-11016.346713314866
265181.2388760963
40368.03001292566
91246.87186162989
88212.73802402105
27877.135784475147
884.6927619490743
24180.54957741963
-27067.30118268088
83089.40349551258
43450.93247292582
124611.79518922576
106897.69266772232
99996.34236053741
152558.6398105583
27986.265642105755
-82879.6897334106
153919.74762730981
-70325.87331520964
159794.88297438165
-118849.64054717447
76947.45911822187
220197.54392022706
120891.33860514875
115468.24800179986
157107.77118835697
-27527.429350327307
37940.07729529865
164339.58367853597
-107903.96146270217
-33835.776060113305
37398.42965419207
193644.1183466504
12313.179064935961
45367.71307572631
131902.7701300598
-118663.03913108638
41210.041978711124
202356.74561868375
170625.44553293678
243016.18125710599
324183.95855568314
160051.24258921895
100242.32344095883
-29934.092614323075
182761.81529598194
-33215.243713022894
-9558.908000796946
-59139.917287837394
-77096.98216364841
-142725.45914919674
-82062.55929665238
206186.0741787986
150395.6112320579
164658.8409038104
195770.34116137767
100851.12047122969
34158.867133629814
180227.20519771613
1526.640264323767
153504.24301182042
157640.2898214593
52560.07391021149
116091.0148752637
150778.11938560748
-23966.09318400864
166354.1777882465
182946.62543075328
-15791.492531420576
-84521.88417776948
174062.0903281503
30463.40132840875
59499.83748694264
126972.04909384485
91616.89722584936
96943.60699335403
177054.77970026678
-80216.27264315315
278128.75875135884
-16503.043862342965
-84541.51269657526
138693.86303463296
112698.69965970196
81117.20368540077
102101.12333785777
107785.81057082214
62629.006196722934
21415.234368891448
3383.5457233976485
-29604.481102128746
7358.42439233826
55396.49714014401
122066.87319699799
80318.55274047796
95858.71119425075
62173.60759517308
-27070.042618986816
214301.73567399877
217630.19346180314
94942.85017574423
129700.99537324667
184765.5398724772
-22098.337523722716
324859.525424727
-99879.67594692661
71362.0594856055
146887.92285972327
140106.10696195296
143874.7477837806
200223.2350745857
121900.93191686756
121344.53397684902
50636.704725729636
-165973.45423826523
139194.37592139372
337440.2390926484
71105.37943690803
47194.751959762936
-156972.27743338206
-86350.57502466562
138644.68789476037
179608.134319934
27441.990506027687
2231.455032019803
276967.34468702314
-15273.833141318115
24180.54957741963
72856.0791037731
105008.89943708191
26171.69535924027
100148.73327140558
109090.58680998659
-8846.517380937279
147595.9572617769
55299.7916053583
183324.1236196999
-4973.727222023226
-100933.99076385456
39458.905161849696
12354.151818204351
-37004.471666843616
145435.79963443434
113175.18603155931
33095.72044574822
-1710.4249248650303
86176.43574421725
137171.10773201444
77335.75747958166
-317167.15751373826
2121.447610383897
102557.03847428023
210928.68590647497
218074.47828650108
174994.42240720784
-17986.267447891165
57863.899508552975
198359.65701943368
293610.982005332
-111780.2502977014
80180.66897298647
-10776.59261017415
40252.663342622734
124358.0465608071
106298.49424510972
117064.99540082445
129905.9513800522
112611.0863461169
-7858.273055109181
149083.99127109814
22387.345582248643
79067.39844965575
66912.76614289114
-81573.92024653024
-71195.79327849488
81091.98840625933
-133322.36321470153
66504.02885341448
135376.5596777029
-48670.17378159096
-30548.268090079873
-49553.51158230561
280096.47136934125
170150.23698928696
131898.8476711525
66738.61702634984
85850.00283572993
-51944.73781838972
101515.83012612184
147713.54494420617
-193168.74897300964
66337.59165385384
-67810.30209786203
-62697.11081865433
238755.13982502313
103133.25033498844
243016.18125710599
129884.68497029005
-4450.781801814126
122166.87769863792
-9558.908000796946
230346.4280520197
-65404.663279717
-124780.58597513827
136304.69390306296
156033.27549689673
69549.25109090327
107090.93747899176
119934.36306558337
59379.51913957244
151088.6787377156
84392.36138872198
-88801.16037669627
-42333.32068368643
-103548.39929132996
140900.45450603217
231754.71431146035
152363.1436264194
-21419.992706741992
82412.64839809867
88860.81546505127
71360.08466284002
124611.79518922576
267520.6139133142
166150.64521927477
230912.7858831903
59004.789465235524
170583.5579527347
51835.48142343553
105746.87199173057
59312.3577271178
262654.8959836195
37008.88754697679
123365.09649505129
-30090.92373267794
78405.34739360452
86274.11022456583
-59002.71209545183
1320.1401680772542
61549.44432061147
141869.30460774567
30328.426784725118
151393.4530506757
-99879.67594692661
100800.25947290083
-13708.288214600747
131543.81907058606
-155731.29676790393
-53354.55870393288
-45078.124538160075
-77267.58590772489
108276.18087596053
86892.2048396446
-35486.45071820394
167512.52631050604
195849.49793143498
-145256.56836382064
58427.17193484903
147778.6582545896
110125.49793915875
260918.093366638
53932.28805152087
116231.66949998376
31406.837592625692
205205.40675407968
174004.9362828001
98592.56677084297
76216.15365951699
249506.9937508382
77271.60758064805
8664.57802526027
46611.63972601302
112370.72490269603
198432.63350041586
209105.96070023946
-23744.72288680855
-81276.76911544646
67971.63630848906
124902.32243760981
127226.03382895734
60562.37768884103
-99003.45050496378
126686.40597139273
100243.21343999784
150784.6823993741
106995.8303941013
91662.1747406718
33152.52195248793
8374.808751006
99234.07439794444
135375.14749486104
6520.589221378963
245065.6752454076
90874.85072095606
-109686.34035794821
112370.72490269603
-51821.82197443866
-57788.952455012826
212436.61318273412
170490.60528481612
108561.55110018552
140273.69490754686
-48972.10614889693
-9798.579771257006
86449.8295411432
-153638.45716687408
154953.77411634265
202624.82681564058
239549.84085964545
94252.5948654907
-22586.371892560215
38546.701157095034
81814.80753843479
187312.80403824922
62545.15736930457
138368.89241664164
132820.154040206
119354.78153240611
82461.02258083259
-100820.87720538443
43569.57318028495
31751.822373012765
69471.20927192303
132321.7237034564
94766.77511978982
92249.4890907862
-31437.33022657651
152443.29320062697
46611.63972601302
5022.123901382161
204541.69699994184
4153.601481474951
147737.56241505014
68598.72559498793
145527.64602542733
178235.6753443244
-48269.729519292276
71376.54804839492
65745.0177910768
27553.724639953434
203955.28397286395
197386.67827464786
-26744.95989773808
151718.14545237785
311273.15959741804
178607.37065876788
-21043.499901377334
3559.5555853761907
-1053.2333354089205
8664.57802526027
46975.15304148644
-9239.708496855354
9968.770304213605
31671.87626679228
105955.71186482543
235680.32118351455
-163751.30842497217
226448.04419671666
10541.235763401579
131480.79537985392
46498.62087340336
-107753.44917529338
110497.87508513671
11646.786283672183
-25180.339455228837
33452.96436988881
70383.35201030059
-53930.885768424836
96636.45791431627
263768.79671191005
211248.4719669972
-9312.363151361555
131143.8802016914
166815.02360455648
194143.96808336867
90801.41715309277
243016.18125710599
169399.8638237983
65553.3443920506
134019.56299607313
204051.18357470992
157304.07255666086
-67667.0661164962
-18898.613959109774
-64284.5848493691
-11515.122197316945
100861.5643461695
153029.91026228346
24420.340713509162
198359.65701943368
-81548.8436698168
71485.74924971929
57480.60944739891
-49906.652793045185
131672.7532110157
-4273.752804234711
188523.56198420635
94054.12850540162
248620.98818131743
207684.0549008429
71376.54804839492
-93419.07932622987
86812.81920536772
-70209.80533040332
-33725.92716006159
198698.63362716488
319526.95393659215
70295.04008267191
59499.83748694264
39483.27660200627
302600.34540364624
11853.482779400649
91130.25956492368
186178.5127271227
120296.76802333487
-126426.65173322055
-15156.171657865387
40660.10747824392
11261.798137834565
43450.93247292582
132457.08994252805
6962.4460436317895
-17814.75387517347
158154.43625178997
175502.72037705357
-33725.85385233759
-23181.728235162853
276286.6651323572
82369.85454297366
61440.235485725774
-36080.85306155047
157426.45608320512
134498.78578769902
9916.692052416365
-160964.23042373828
100438.0954838661
163136.12045220318
58627.06061876094
705.6278893096314
151393.4530506757
-183896.11204810694
16586.412123819508
153010.06970845416
-100815.16172775655
104910.61583468727
14181.73929931398
185051.14838145557
2231.455032019803
52199.06866065243
-121333.72451441133
185971.89395626565
107315.86525872796
-99436.73852147392
-62697.11081865433
36497.07369112457
190507.9000361425
6261.2685722748865
61303.65854719533
79377.5325009718
193631.80475778802
197489.3800691594
97934.8165638672
-88917.72994852703
1084.7011262647138
5504.682357346785
-158224.21689031806
66426.60125490953
237793.28896874923
-38242.78969537234
-48769.87685621159
284440.82771225227
148311.9504444888
67510.84741456251
199768.0731263747
48866.670346962375
79274.32692939449
-31045.814663141893
38981.04867676834
6957.103306691832
-27798.855009774008
196304.7967765986
102173.72411468232
12681.783756462231
230346.4280520197
230615.79868767245
92517.00510639756
86583.45601711451
75311.18060715626
-36621.618902956514
134018.89700902454
151718.14545237785
61169.50660286501
170334.80296167042
160522.84308086062
231198.37349829587
179512.2588166267
47571.50531895613
27374.670825271067
95199.97336333628
215446.21305705386
216692.36236739947
-32517.302307398815
56259.446460490886
51918.38593714664
-49644.24496388447
133467.36306863083
254491.6728334191
26777.242849343398
185292.80018942297
33749.289979604844
85682.10114097486
8810.041536663877
160758.68714480454
103738.31209671406
61721.99879108982
260879.19626321524
32886.56862028279
94959.2883279149
-7044.865710733284
31939.964162666445
121575.53859477601
166630.52462299116
83538.58658509325
-104014.21384129551
-42934.7224825654
107624.31169370515
-158094.04296297717
104478.08687261527
133467.36306863083
-47824.73871991412
65322.989814355955
-11854.290779279137
56858.42152460661
31693.300793551338
123560.44282199196
-19080.964715564493
109739.43353711293
155591.35082229797
-177210.5390609371
-64263.682046142494
110992.73879132769
195470.71897680985
1287.5403844802931
-104695.13303947842
-21654.813790508313
223285.45082277217
217098.57318058988
129780.89073920809
71124.07036932287
147755.30520014674
277033.86455775704
68020.61179230058
54738.70010298853
96578.33999833174
291223.56933891075
34496.18895949331
74081.12142114127
130688.47819770908
112668.45984816941
134664.56296148908
75342.76691335646
140095.1236953309
-9236.544947183138
-53182.98668949542
159794.88297438165
48553.29664872307
185067.3232419176
-24819.449910601514
73509.84777752405
230346.4280520197
155023.61134225279
-36827.47175924828
-45341.91774224005
-19301.707018188667
-133670.93676310068
93362.93482300383
44541.55564188499
48021.91211798224
115833.61846434715
90613.03920464689
184789.27127137192
200055.1736767104
131175.13379544165
11853.482779400649
324398.64424378425
90804.41870509193
79807.54666035918
134898.01775461726
162225.29336547654
50522.002605427384
219832.92722309532
-52176.88388369937
46918.618147909234
-74616.36903380981
100548.69809015711
-64763.6369839354
-165973.45423826523
115713.55541145102
21829.625066556422
26938.613618629723
-7214.847288051766
72027.2425222554
16586.412123819508
144697.36725338385
96410.91059256002
12494.880988860932
32457.941077571697
8862.425903616517
-20245.480775954842
95465.71272655093
43798.17406391633
113304.2465942541
32099.873182844458
28250.426745517012
51774.60899494884
126772.06912854488
55317.00826021438
147368.47408261002
146287.00343863224
39971.208363483434
367694.5714678806
108929.93117735018
90268.22065897963
-80337.9995591304
67603.92855907834
43585.911682871316
-8587.386463290793
233039.65750996672
145345.06257362186
-11530.684345795205
-14472.430683770639
8279.20595137289
236855.27611342637
71064.98984906764
35723.69986193659
135883.8174047771
-93162.62763269452
31163.28337941388
70796.65601190893
86246.31938122658
-53010.76745351794
-62421.886585150816
177142.43630332116
197686.71891269158
37940.07729529865
134987.166955266
-49334.653538901635
79807.54666035918
151573.4513622186
-111984.56106476279
135516.31771045792
71116.2246785206
199837.27781103464
17670.522937253794
67603.92855907834
50857.34497725134
45023.136205270406
7010.149411020917
-47149.941879030506
81658.74538208822
-54971.31009489835
-37561.197105423096
63375.461739666745
58855.115343710415
69523.34313247597
-51734.02695725109
59307.67368308306
74248.09766954808
61848.58283751125
2643.359964227726
47003.861954909415
-20395.874474645214
279299.05784986075
-27361.312111897612
140717.84097825064
2889.211347425735
-15169.703463937316
53421.13238175463
166180.99208261142
-58229.87798759155
205630.81086086633
-6706.601822733079
-6504.472466053077
53626.93879610172
164044.28723823573
160502.46669059235
89131.13188930902
156326.165855355
-6757.961173092102
419320.5679547218
63255.46510183788
34949.72509536577
133043.48246377974
163136.12045220318
207359.296592296
238782.9731784196
40748.514733544696
231754.71431146035
-22917.061515982045
98916.405657794
49332.76858027204
73993.73145874587
-36795.17774648695
150004.48660275948
8196.211272796732
37071.30205254231
119883.57081685294
-70346.09291154347
-15156.171657865387
40591.384645566664
250883.9569762542
301411.07146415504
47989.3781808147
9482.681032449203
51834.81960872255
48185.54556991468
47064.069176516074
45035.70193862061
-99879.67594692661
144174.53040156877
17381.270488259914
82479.59158032894
130904.8031785991
67239.5651658164
36329.866461300495
-56923.2502071725
188265.08293011435
188021.87341834846
-10861.851267083985
-8587.386463290793
84245.66343972075
-98299.25564037295
-109686.34035794821
25983.548070488403
-11016.346713314866
168626.02257165906
-48276.70923857603
204168.32794001442
102101.12333785777
50894.116194610804
71091.79729789034
-167033.20913149606
135493.91416628048
114819.23958160986
178652.10181591118
188448.70255596138
-55526.040686122054
25560.658619185997
168595.84745898895
54518.6310994659
51677.068018508995
234432.4514526716
3904.153698882641
-89552.10686183456
-61624.117631513975
25633.522283438622
179686.57206202135
27103.941165823533
132671.78661205372
78297.18445373618
-32627.774701294184
-137527.32064688642
7208.405621277416
127463.53179140612
109090.58680998659
152989.06001836213
-12576.355531790323
36370.69478674117
32031.41073993897
125897.40545924837
201516.78769432526
11704.540389719521
-49632.89399738026
124052.53832729414
203803.31178063765
-13823.973192526566
49950.292987951936
91193.18131498892
105862.10795718078
107993.33677882685
195470.71897680985
112504.53515366875
43048.89473210845
104195.99907430216
118375.91908331258
88186.34249705226
113527.35835563208
165253.9083508104
32357.689964242767
13243.009616876487
107515.71291834125
-53791.838736099424
155162.41531407725
155905.48020373646
90812.8820801345
59141.7782728257
-9312.541351126682
207359.296592296
258077.61700005646
82306.15355792033
86041.78507680299
-49151.62759713676
-22917.061515982045
42311.76284861134
-31834.469446719086
86884.88198591069
-51062.77857901636
5685.575857451244
93292.28797498613
89967.69141594603
152275.3329517271
97487.4470415939
190378.6727862552
215767.13353751303
-57457.80032950701
28697.28136902039
45830.960305401735
-185270.94189052074
-26998.576592803598
85039.18500339895
151338.57705459706
147605.37760995206
96545.15308603823
90305.01709389428
106078.1876559871
80569.41726788635
233749.8299819389
140602.82212868606
103162.25321917294
112393.2966418278
215987.3894154196
33437.93685753749
130386.56464538841
168298.014032183
102559.15550371673
28718.092173805977
15700.787715752573
117781.99305531956
66726.14000264651
38016.48032287494
51834.81960872255
149045.1285575234
223308.7942508502
40124.538431290996
172612.48211726913
102299.96498362764
149242.0917682092
-17154.19387959804
115066.02726339136
182191.04737233586
104792.04156966324
66589.7112068043
182852.51690365814
-317167.15751373826
1188.6550430149218
11704.540389719521
42649.390282621054
67831.60033895454
-53403.462352396586
56633.55656420637
17670.522937253794
-45722.14718473308
-53403.462352396586
264208.4504166967
56301.43415699291
129167.17933435745
33170.2259476897
81480.99171949275
67333.89257465188
93372.69272077818
31721.975896877724
79377.5325009718
135370.68148085818
237985.94929931688
13297.979297766404
80009.17172877007
-5664.923842144082
46975.15304148644
75329.44317826428
187270.35874014153
171991.5656037171
-53182.98668949542
252678.7029054455
114168.77184309998
-24687.763855218232
-41794.99422442507
21203.39399543241
210748.02748696983
95199.97336333628
-96007.25956669115
135963.98647815466
80284.5708562743
182191.04737233586
-14040.640287995164
166852.47453509478
53024.24355207875
-53762.38441506072
-173501.52709171383
141808.74349115236
90849.69024782993
7258.313446949731
165345.7416500226
52041.09594850465
72180.34995137354
227637.96673851134
28250.426745517012
-101648.67659827063
-72379.77569744366
294027.60838446004
144330.5145946382
3805.908547832354
102982.82045417537
-12215.315025526404
39500.83613389232
11483.056243505343
27436.38851037332
123683.74437949734
261691.59075914393
216369.5422169287
202073.0904513374
189305.45517353987
13541.524742382513
194257.57777251885
-3874.38848522646
23374.51999193232
-15994.327685996876
70408.9228171877
115250.97559751847
154593.594641248
153029.91026228346
215446.21305705386
31303.651955326495
131675.0448053042
-37477.20566951734
68138.90252130061
46589.35390850413
159179.94634775832
95380.49585299178
69994.91440381527
5978.783435689955
18250.488492003657
278126.3249145889
197641.84344339883
-73097.302418979
33813.2192455475
118112.69854499363
-68008.78866330197
-93368.81982390516
95916.62342794114
104987.31582207589
-154451.1236774162
82479.59158032894
70626.24215629452
107744.26439616233
102059.70713868762
85163.0198120381
156033.27549689673
78592.92801466348
-117340.79653561048
72041.1521438423
312244.3477242464
-60271.39608911224
12434.610742951867
72665.13028272781
195101.41095523332
167746.8845911085
232491.04934137707
102409.57246370282
73344.62166144905
140091.5036917267
205602.25462127125
83874.29989389458
140886.5480359121
232491.04934137707
188282.57631812332
144473.3700907498
45361.2266285071
198349.56909009858
52014.06515850371
214186.53339748827
83422.30437260147
-128045.65847831001
146907.3519451075
84210.27585338519
13300.898421499187
-35397.388680537595
78394.32488029997
142021.2362705493
-111984.56106476279
-85535.99000230152
33152.52195248793
-144636.24967465253
164428.93253435695
100584.8364261954
71124.07036932287
206751.91682136263
50808.98630503593
286563.7253715199
773.4025025638985
-22113.044816097332
95414.59360008659
142970.51305241062
91130.25956492368
257978.4130269109
86892.2048396446
-20091.83113654655
96705.51930123306
